1.000E-9
-1.000E-6
6.935E-1
7.153E-1
7.153E-1
7.371E-1
7.371E-1
7.589E-1
7.589E-1
7.806E-1
7.806E-1
7.806E-1
8.024E-1
8.024E-1
8.242E-1
8.242E-1
8.460E-1
8.460E-1
8.677E-1
8.677E-1
8.895E-1
9.113E-1
9.113E-1
9.331E-1
9.331E-1
9.549E-1
9.766E-1
9.766E-1
9.766E-1
9.984E-1
9.984E-1
9.984E-1
1.020E+0
1.020E+0
1.042E+0
1.042E+0
1.042E+0
1.064E+0
1.064E+0
1.086E+0
1.086E+0
1.086E+0
1.107E+0
1.107E+0
1.129E+0
1.129E+0
1.129E+0
1.151E+0
1.151E+0
1.173E+0
1.173E+0
1.194E+0
1.194E+0
1.216E+0
1.216E+0
1.238E+0
1.238E+0
1.260E+0
1.260E+0
1.260E+0
1.260E+0
1.260E+0
1.282E+0
1.282E+0
1.303E+0
1.303E+0
1.325E+0
1.325E+0
1.347E+0
1.347E+0
1.369E+0
1.369E+0
1.369E+0
1.369E+0
1.369E+0
1.369E+0
1.390E+0
1.390E+0
1.412E+0
1.412E+0
1.434E+0
1.434E+0
1.434E+0
1.456E+0
1.456E+0
1.456E+0
1.456E+0
1.477E+0
1.477E+0
1.477E+0
1.499E+0
1.499E+0
1.521E+0
1.521E+0
1.543E+0
1.543E+0
1.565E+0
1.565E+0
1.565E+0
1.586E+0
1.586E+0
1.586E+0
1.586E+0
1.586E+0
1.586E+0
1.586E+0
1.586E+0
1.608E+0
1.608E+0
1.608E+0
1.630E+0
1.630E+0
1.630E+0
1.652E+0
1.652E+0
1.652E+0
1.652E+0
1.652E+0
1.673E+0
1.673E+0
1.673E+0
1.673E+0
1.673E+0
1.695E+0
1.695E+0
1.695E+0
1.717E+0
1.717E+0
1.717E+0
1.739E+0
1.739E+0
1.739E+0
1.739E+0
1.739E+0
1.739E+0
1.739E+0
1.739E+0
1.739E+0
1.739E+0
1.761E+0
1.761E+0
1.761E+0
1.782E+0
1.782E+0
1.804E+0
1.804E+0
1.804E+0
1.804E+0
1.804E+0
1.804E+0
1.804E+0
1.804E+0
1.804E+0
1.804E+0
1.804E+0
1.804E+0
1.804E+0
1.804E+0
1.826E+0
1.826E+0
1.826E+0
1.826E+0
1.848E+0
1.848E+0
1.848E+0
1.848E+0
1.848E+0
1.848E+0
1.848E+0
1.848E+0
1.848E+0
1.848E+0
1.848E+0
1.848E+0
1.848E+0
1.848E+0
1.848E+0
1.848E+0
1.869E+0
1.869E+0
1.869E+0
1.869E+0
1.869E+0
1.869E+0
1.869E+0
1.869E+0
1.869E+0
1.869E+0
1.869E+0
1.869E+0
1.869E+0
1.869E+0
1.869E+0
1.869E+0
1.869E+0
1.869E+0
1.869E+0
1.869E+0
1.869E+0
1.869E+0
1.869E+0
1.869E+0
1.869E+0
1.869E+0
1.869E+0
1.869E+0
1.869E+0
1.869E+0
1.848E+0
1.848E+0
1.848E+0
1.848E+0
1.848E+0
1.848E+0
1.848E+0
1.848E+0
1.848E+0
1.848E+0
1.848E+0
1.848E+0
1.848E+0
1.848E+0
1.848E+0
1.826E+0
1.826E+0
1.826E+0
1.826E+0
1.826E+0
1.804E+0
1.804E+0
1.804E+0
1.804E+0
1.804E+0
1.782E+0
1.782E+0
1.782E+0
1.782E+0
1.761E+0
1.761E+0
1.761E+0
1.761E+0
1.761E+0
1.761E+0
1.761E+0
1.761E+0
1.761E+0
1.761E+0
1.739E+0
1.739E+0
1.739E+0
1.717E+0
1.717E+0
1.717E+0
1.695E+0
1.695E+0
1.695E+0
1.695E+0
1.695E+0
1.673E+0
1.673E+0
1.673E+0
1.673E+0
1.673E+0
1.652E+0
1.652E+0
1.652E+0
1.652E+0
1.652E+0
1.630E+0
1.630E+0
1.630E+0
1.630E+0
1.630E+0
1.608E+0
1.608E+0
1.608E+0
1.608E+0
1.608E+0
1.586E+0
1.586E+0
1.586E+0
1.586E+0
1.565E+0
1.565E+0
1.565E+0
1.543E+0
1.543E+0
1.521E+0
1.521E+0
1.499E+0
1.499E+0
1.499E+0
1.477E+0
1.477E+0
1.456E+0
1.456E+0
1.456E+0
1.456E+0
1.434E+0
1.434E+0
1.434E+0
1.434E+0
1.412E+0
1.412E+0
1.412E+0
1.390E+0
1.390E+0
1.369E+0
1.369E+0
1.347E+0
1.347E+0
1.347E+0
1.325E+0
1.325E+0
1.303E+0
1.303E+0
1.303E+0
1.303E+0
1.282E+0
1.282E+0
1.282E+0
1.282E+0
1.260E+0
1.260E+0
1.260E+0
1.238E+0
1.216E+0
1.216E+0
1.194E+0
1.194E+0
1.173E+0
1.173E+0
1.151E+0
1.151E+0
1.129E+0
1.129E+0
1.129E+0
1.107E+0
1.107E+0
1.086E+0
1.086E+0
1.086E+0
1.064E+0
1.064E+0
1.042E+0
1.042E+0
1.042E+0
1.020E+0
1.020E+0
9.984E-1
9.984E-1
9.766E-1
9.766E-1
9.549E-1
9.549E-1
9.331E-1
9.331E-1
9.113E-1
9.113E-1
8.895E-1
8.895E-1
8.677E-1
8.677E-1
8.460E-1
8.460E-1
8.242E-1
8.242E-1
8.024E-1
8.024E-1
7.806E-1
7.806E-1
7.806E-1
7.589E-1
7.589E-1
7.589E-1
7.371E-1
7.153E-1
7.153E-1
6.935E-1
6.935E-1
6.718E-1
6.500E-1
6.500E-1
6.282E-1
6.282E-1
6.064E-1
6.064E-1
5.846E-1
5.846E-1
5.629E-1
5.629E-1
5.629E-1
5.411E-1
5.411E-1
5.411E-1
5.193E-1
5.193E-1
4.975E-1
4.758E-1
4.758E-1
4.540E-1
4.322E-1
4.322E-1
4.104E-1
4.104E-1
3.887E-1
3.887E-1
3.669E-1
3.669E-1
3.451E-1
3.451E-1
3.233E-1
3.233E-1
3.016E-1
3.016E-1
2.798E-1
2.580E-1
2.580E-1
2.362E-1
2.362E-1
2.144E-1
1.927E-1
1.927E-1
1.709E-1
1.709E-1
1.491E-1
1.491E-1
1.273E-1
1.273E-1
1.056E-1
1.056E-1
1.056E-1
8.379E-2
8.379E-2
8.379E-2
6.201E-2
6.201E-2
4.023E-2
1.846E-2
1.846E-2
-3.318E-3
-2.509E-2
-2.509E-2
-4.687E-2
-4.687E-2
-6.865E-2
-6.865E-2
-9.042E-2
-9.042E-2
-1.122E-1
-1.122E-1
-1.340E-1
-1.558E-1
-1.558E-1
-1.775E-1
-1.993E-1
-1.993E-1
-2.211E-1
-2.211E-1
-2.429E-1
-2.429E-1
-2.646E-1
-2.646E-1
-2.864E-1
-2.864E-1
-3.082E-1
-3.082E-1
-3.300E-1
-3.300E-1
-3.517E-1
-3.517E-1
-3.735E-1
-3.735E-1
-3.953E-1
-3.953E-1
-4.171E-1
-4.171E-1
-4.389E-1
-4.389E-1
-4.606E-1
-4.606E-1
-4.824E-1
-4.824E-1
-5.042E-1
-5.042E-1
-5.260E-1
-5.477E-1
-5.477E-1
-5.695E-1
-5.695E-1
-5.913E-1
-5.913E-1
-6.131E-1
-6.131E-1
-6.348E-1
-6.348E-1
-6.566E-1
-6.566E-1
-6.784E-1
-6.784E-1
-7.002E-1
-7.002E-1
-7.219E-1
-7.219E-1
-7.437E-1
-7.437E-1
-7.655E-1
-7.655E-1
-7.873E-1
-7.873E-1
-8.091E-1
-8.091E-1
-8.308E-1
-8.308E-1
-8.526E-1
-8.526E-1
-8.526E-1
-8.744E-1
-8.744E-1
-8.744E-1
-8.962E-1
-9.179E-1
-9.179E-1
-9.397E-1
-9.397E-1
-9.615E-1
-9.615E-1
-9.833E-1
-9.833E-1
-1.005E+0
-1.005E+0
-1.005E+0
-1.027E+0
-1.027E+0
-1.027E+0
-1.049E+0
-1.049E+0
-1.070E+0
-1.070E+0
-1.070E+0
-1.092E+0
-1.114E+0
-1.114E+0
-1.136E+0
-1.136E+0
-1.157E+0
-1.157E+0
-1.179E+0
-1.179E+0
-1.201E+0
-1.201E+0
-1.201E+0
-1.201E+0
-1.201E+0
-1.223E+0
-1.223E+0
-1.245E+0
-1.245E+0
-1.266E+0
-1.266E+0
-1.288E+0
-1.288E+0
-1.288E+0
-1.310E+0
-1.310E+0
-1.310E+0
-1.332E+0
-1.332E+0
-1.353E+0
-1.353E+0
-1.375E+0
-1.375E+0
-1.397E+0
-1.397E+0
-1.419E+0
-1.419E+0
-1.419E+0
-1.419E+0
-1.441E+0
-1.441E+0
-1.441E+0
-1.441E+0
-1.462E+0
-1.462E+0
-1.462E+0
-1.484E+0
-1.484E+0
-1.484E+0
-1.506E+0
-1.506E+0
-1.506E+0
-1.506E+0
-1.506E+0
-1.506E+0
-1.528E+0
-1.528E+0
-1.528E+0
-1.549E+0
-1.549E+0
-1.549E+0
-1.571E+0
-1.571E+0
-1.571E+0
-1.593E+0
-1.593E+0
-1.593E+0
-1.593E+0
-1.615E+0
-1.615E+0
-1.615E+0
-1.637E+0
-1.637E+0
-1.637E+0
-1.658E+0
-1.658E+0
-1.658E+0
-1.658E+0
-1.658E+0
-1.680E+0
-1.680E+0
-1.680E+0
-1.680E+0
-1.680E+0
-1.702E+0
-1.702E+0
-1.702E+0
-1.702E+0
-1.702E+0
-1.724E+0
-1.724E+0
-1.724E+0
-1.724E+0
-1.724E+0
-1.745E+0
-1.745E+0
-1.745E+0
-1.745E+0
-1.745E+0
-1.767E+0
-1.767E+0
-1.767E+0
-1.767E+0
-1.767E+0
-1.767E+0
-1.767E+0
-1.767E+0
-1.767E+0
-1.767E+0
-1.767E+0
-1.789E+0
-1.789E+0
-1.789E+0
-1.789E+0
-1.811E+0
-1.811E+0
-1.811E+0
-1.811E+0
-1.811E+0
-1.833E+0
-1.833E+0
-1.833E+0
-1.833E+0
-1.833E+0
-1.833E+0
-1.833E+0
-1.833E+0
-1.833E+0
-1.833E+0
-1.833E+0
-1.833E+0
-1.833E+0
-1.833E+0
-1.833E+0
-1.833E+0
-1.833E+0
-1.833E+0
-1.833E+0
-1.833E+0
-1.833E+0
-1.833E+0
-1.833E+0
-1.833E+0
-1.833E+0
-1.854E+0
-1.854E+0
-1.854E+0
-1.854E+0
-1.854E+0
-1.854E+0
-1.854E+0
-1.854E+0
-1.854E+0
-1.854E+0
-1.854E+0
-1.854E+0
-1.854E+0
-1.854E+0
-1.854E+0
-1.854E+0
-1.854E+0
-1.854E+0
-1.854E+0
-1.854E+0
-1.854E+0
-1.854E+0
-1.854E+0
-1.854E+0
-1.854E+0
-1.854E+0
-1.854E+0
-1.854E+0
-1.854E+0
-1.854E+0
-1.854E+0
-1.854E+0
-1.854E+0
-1.833E+0
-1.833E+0
-1.833E+0
-1.811E+0
-1.811E+0
-1.811E+0
-1.811E+0
-1.811E+0
-1.811E+0
-1.811E+0
-1.811E+0
-1.811E+0
-1.811E+0
-1.811E+0
-1.811E+0
-1.811E+0
-1.811E+0
-1.789E+0
-1.789E+0
-1.789E+0
-1.789E+0
-1.789E+0
-1.767E+0
-1.767E+0
-1.767E+0
-1.767E+0
-1.745E+0
-1.745E+0
-1.745E+0
-1.745E+0
-1.745E+0
-1.745E+0
-1.745E+0
-1.745E+0
-1.745E+0
-1.724E+0
-1.724E+0
-1.724E+0
-1.702E+0
-1.702E+0
-1.702E+0
-1.680E+0
-1.680E+0
-1.680E+0
-1.680E+0
-1.680E+0
-1.680E+0
-1.658E+0
-1.658E+0
-1.658E+0
-1.658E+0
-1.658E+0
-1.637E+0
-1.637E+0
-1.637E+0
-1.615E+0
-1.615E+0
-1.615E+0
-1.593E+0
-1.593E+0
-1.593E+0
-1.571E+0
-1.571E+0
-1.571E+0
-1.571E+0
-1.571E+0
-1.571E+0
-1.549E+0
-1.549E+0
-1.549E+0
-1.549E+0
-1.528E+0
-1.528E+0
-1.506E+0
-1.506E+0
-1.484E+0
-1.484E+0
-1.484E+0
-1.462E+0
-1.462E+0
-1.462E+0
-1.441E+0
-1.441E+0
-1.441E+0
-1.441E+0
-1.441E+0
-1.441E+0
-1.419E+0
-1.419E+0
-1.419E+0
-1.419E+0
-1.397E+0
-1.397E+0
-1.375E+0
-1.375E+0
-1.353E+0
-1.353E+0
-1.332E+0
-1.310E+0
-1.310E+0
-1.288E+0
-1.288E+0
-1.288E+0
-1.266E+0
-1.266E+0
-1.266E+0
-1.266E+0
-1.245E+0
-1.245E+0
-1.245E+0
-1.223E+0
-1.223E+0
-1.201E+0
-1.201E+0
-1.179E+0
-1.179E+0
-1.157E+0
-1.157E+0
-1.136E+0
-1.136E+0
-1.114E+0
-1.114E+0
-1.114E+0
-1.092E+0
-1.092E+0
-1.092E+0
-1.070E+0
-1.070E+0
-1.049E+0
-1.049E+0
-1.027E+0
-1.027E+0
-1.005E+0
-1.005E+0
-9.833E-1
-9.833E-1
-9.833E-1
-9.615E-1
-9.615E-1
-9.615E-1
-9.397E-1
-9.397E-1
-9.179E-1
-9.179E-1
-8.962E-1
-8.744E-1
-8.744E-1
-8.744E-1
-8.526E-1
-8.526E-1
-8.526E-1
-8.308E-1
-8.308E-1
-8.091E-1
-8.091E-1
-7.873E-1
-7.655E-1
-7.655E-1
-7.437E-1
-7.219E-1
-7.002E-1
-7.002E-1
-7.002E-1
-6.784E-1
-6.784E-1
-6.784E-1
-6.566E-1
-6.566E-1
-6.348E-1
-6.348E-1
-6.131E-1
-6.131E-1
-5.913E-1
-5.913E-1
-5.695E-1
-5.695E-1
-5.477E-1
-5.477E-1
-5.260E-1
-5.260E-1
-5.042E-1
-5.042E-1
-4.824E-1
-4.824E-1
-4.606E-1
-4.389E-1
-4.389E-1
-4.171E-1
-3.953E-1
-3.953E-1
-3.735E-1
-3.735E-1
-3.735E-1
-3.517E-1
-3.517E-1
-3.517E-1
-3.300E-1
-3.300E-1
-3.082E-1
-3.082E-1
-2.864E-1
-2.864E-1
-2.646E-1
-2.646E-1
-2.429E-1
-2.429E-1
-2.211E-1
-2.211E-1
-1.993E-1
-1.993E-1
-1.775E-1
-1.558E-1
-1.558E-1
-1.340E-1
-1.122E-1
-1.122E-1
-9.042E-2
-9.042E-2
-6.865E-2
-6.865E-2
-4.687E-2
-4.687E-2
-2.509E-2
-2.509E-2
-3.318E-3
1.846E-2
1.846E-2
4.023E-2
4.023E-2
6.201E-2
8.379E-2
8.379E-2
1.056E-1
1.056E-1
1.273E-1
1.491E-1
1.491E-1
1.491E-1
1.709E-1
1.709E-1
1.709E-1
1.927E-1
1.927E-1
2.144E-1
2.144E-1
2.362E-1
2.362E-1
2.580E-1
2.580E-1
2.798E-1
3.016E-1
3.016E-1
3.233E-1
3.233E-1
3.451E-1
3.669E-1
3.669E-1
3.887E-1
3.887E-1
4.104E-1
4.322E-1
4.322E-1
4.540E-1
4.540E-1
4.758E-1
4.758E-1
4.975E-1
4.975E-1
5.193E-1
5.193E-1
5.411E-1
5.411E-1
5.629E-1
5.629E-1
5.846E-1
6.064E-1
6.064E-1
6.064E-1
6.282E-1
6.282E-1
6.282E-1
6.500E-1
6.500E-1
6.718E-1
6.718E-1
6.935E-1
7.153E-1
7.153E-1
7.371E-1
7.589E-1
7.589E-1
7.806E-1
7.806E-1
7.806E-1
7.806E-1
7.806E-1
8.024E-1
8.024E-1
8.024E-1
8.242E-1
8.460E-1
8.460E-1
8.677E-1
8.677E-1
8.895E-1
9.113E-1
9.113E-1
9.331E-1
9.331E-1
9.549E-1
9.766E-1
9.766E-1
9.766E-1
9.984E-1
9.984E-1
9.984E-1
1.020E+0
1.020E+0
1.042E+0
1.042E+0
1.042E+0
1.064E+0
1.064E+0
1.086E+0
1.086E+0
1.107E+0
1.107E+0
1.129E+0
1.129E+0
1.151E+0
1.151E+0
1.173E+0
1.173E+0
1.194E+0
1.194E+0
1.194E+0
1.216E+0
1.216E+0
1.238E+0
1.238E+0
1.238E+0
1.260E+0
1.260E+0
1.282E+0
1.282E+0
1.282E+0
1.303E+0
1.303E+0
1.325E+0
1.325E+0
1.347E+0
1.347E+0
1.347E+0
1.369E+0
1.369E+0
1.369E+0
1.369E+0
1.390E+0
1.390E+0
1.390E+0
1.412E+0
1.412E+0
1.412E+0
1.434E+0
1.434E+0
1.434E+0
1.434E+0
1.456E+0
1.456E+0
1.456E+0
1.456E+0
1.477E+0
1.477E+0
1.499E+0
1.499E+0
1.499E+0
1.521E+0
1.521E+0
1.543E+0
1.543E+0
1.543E+0
1.543E+0
1.565E+0
1.565E+0
1.565E+0
1.565E+0
1.586E+0
1.586E+0
1.608E+0
1.608E+0
1.608E+0
1.608E+0
1.630E+0
1.630E+0
1.630E+0
1.630E+0
1.630E+0
1.652E+0
1.652E+0
1.652E+0
1.652E+0
1.652E+0
1.673E+0
1.673E+0
1.673E+0
1.673E+0
1.673E+0
1.695E+0
1.695E+0
1.695E+0
1.695E+0
1.717E+0
1.717E+0
1.739E+0
1.739E+0
1.739E+0
1.761E+0
1.761E+0
1.761E+0
1.761E+0
1.761E+0
1.761E+0
1.761E+0
1.761E+0
1.761E+0
1.761E+0
1.761E+0
1.761E+0
1.782E+0
1.782E+0
1.782E+0
1.804E+0
1.804E+0
1.804E+0
1.804E+0
1.804E+0
1.804E+0
1.804E+0
1.804E+0
1.804E+0
1.804E+0
1.804E+0
1.826E+0
1.826E+0
1.826E+0
1.826E+0
1.826E+0
1.826E+0
1.826E+0
1.826E+0
1.826E+0
1.826E+0
1.848E+0
1.848E+0
1.848E+0
1.848E+0
1.848E+0
1.848E+0
1.848E+0
1.848E+0
1.848E+0
1.848E+0
1.869E+0
1.869E+0
1.869E+0
1.869E+0
1.869E+0
1.869E+0
1.869E+0
1.869E+0
1.869E+0
1.869E+0
1.869E+0
1.869E+0
1.869E+0
1.869E+0
1.869E+0
1.869E+0
1.869E+0
1.869E+0
1.869E+0
1.869E+0
1.869E+0
1.869E+0
1.869E+0
1.869E+0
1.869E+0
1.869E+0
1.869E+0
1.869E+0
1.869E+0
1.869E+0
1.869E+0
1.869E+0
1.869E+0
1.869E+0
1.869E+0
1.848E+0
1.848E+0
1.848E+0
1.848E+0
1.848E+0
1.848E+0
1.848E+0
1.848E+0
1.848E+0
1.848E+0
1.848E+0
1.826E+0
1.826E+0
1.826E+0
1.804E+0
1.804E+0
1.804E+0
1.804E+0
1.804E+0
1.804E+0
1.804E+0
1.804E+0
1.804E+0
1.804E+0
1.804E+0
1.804E+0
1.782E+0
1.782E+0
1.782E+0
1.782E+0
1.761E+0
1.761E+0
1.761E+0
1.761E+0
1.761E+0
1.761E+0
1.739E+0
1.739E+0
1.739E+0
1.717E+0
1.717E+0
1.695E+0
1.695E+0
1.695E+0
1.673E+0
1.673E+0
1.673E+0
1.673E+0
1.673E+0
1.673E+0
1.673E+0
1.673E+0
1.673E+0
1.673E+0
1.652E+0
1.652E+0
1.652E+0
1.630E+0
1.630E+0
1.608E+0
1.608E+0
1.608E+0
1.608E+0
1.608E+0
1.608E+0
1.608E+0
1.586E+0
1.586E+0
1.586E+0
1.565E+0
1.565E+0
1.565E+0
1.543E+0
1.543E+0
1.521E+0
1.521E+0
1.499E+0
1.499E+0
1.499E+0
1.477E+0
1.477E+0
1.456E+0
1.456E+0
1.456E+0
1.456E+0
1.434E+0
1.434E+0
1.434E+0
1.434E+0
1.412E+0
1.412E+0
1.390E+0
1.390E+0
1.390E+0
1.390E+0
1.369E+0
1.369E+0
1.369E+0
1.369E+0
1.347E+0
1.347E+0
1.347E+0
1.325E+0
1.303E+0
1.303E+0
1.282E+0
1.282E+0
1.260E+0
1.238E+0
1.238E+0
1.238E+0
1.216E+0
1.216E+0
1.216E+0
1.216E+0
1.216E+0
1.194E+0
1.194E+0
1.173E+0
1.151E+0
1.151E+0
1.129E+0
1.107E+0
1.107E+0
1.086E+0
1.086E+0
1.086E+0
1.086E+0
1.086E+0
1.064E+0
1.064E+0
1.064E+0
1.042E+0
1.042E+0
1.020E+0
1.020E+0
9.984E-1
9.984E-1
9.984E-1
9.766E-1
9.766E-1
9.766E-1
9.549E-1
9.331E-1
9.331E-1
9.113E-1
9.113E-1
8.895E-1
8.677E-1
8.677E-1
8.460E-1
8.460E-1
8.242E-1
8.242E-1
8.024E-1
8.024E-1
7.806E-1
7.806E-1
7.806E-1
7.589E-1
7.589E-1
7.589E-1
7.371E-1
7.153E-1
7.153E-1
6.935E-1
6.935E-1
6.718E-1
6.500E-1
6.500E-1
6.282E-1
6.282E-1
6.064E-1
6.064E-1
5.846E-1
5.846E-1
5.629E-1
5.629E-1
5.629E-1
5.411E-1
5.411E-1
5.193E-1
5.193E-1
4.975E-1
4.975E-1
4.758E-1
4.758E-1
4.540E-1
4.540E-1
4.322E-1
4.322E-1
4.104E-1
4.104E-1
3.887E-1
3.887E-1
3.669E-1
3.669E-1
3.451E-1
3.233E-1
3.233E-1
3.016E-1
3.016E-1
2.798E-1
2.580E-1
2.580E-1
2.362E-1
2.362E-1
2.144E-1
2.144E-1
1.927E-1
1.927E-1
1.709E-1
1.709E-1
1.491E-1
1.273E-1
1.273E-1
1.056E-1
8.379E-2
8.379E-2
8.379E-2
6.201E-2
6.201E-2
6.201E-2
4.023E-2
4.023E-2
1.846E-2
1.846E-2
-3.318E-3
-3.318E-3
-2.509E-2
-4.687E-2
-4.687E-2
-6.865E-2
-9.042E-2
-9.042E-2
-1.122E-1
-1.122E-1
-1.340E-1
-1.558E-1
-1.558E-1
-1.775E-1
-1.775E-1
-1.993E-1
-1.993E-1
-2.211E-1
-2.211E-1
-2.429E-1
-2.429E-1
-2.646E-1
-2.646E-1
-2.864E-1
-2.864E-1
-3.082E-1
-3.300E-1
-3.300E-1
-3.517E-1
-3.517E-1
-3.735E-1
-3.735E-1
-3.953E-1
-3.953E-1
-4.171E-1
-4.171E-1
-4.171E-1
-4.389E-1
-4.389E-1
-4.389E-1
-4.606E-1
-4.824E-1
-4.824E-1
-5.042E-1
-5.042E-1
-5.260E-1
-5.260E-1
-5.477E-1
-5.477E-1
-5.695E-1
-5.695E-1
-5.913E-1
-5.913E-1
-6.131E-1
-6.131E-1
-6.348E-1
-6.348E-1
-6.566E-1
-6.566E-1
-6.784E-1
-6.784E-1
-7.002E-1
-7.002E-1
-7.219E-1
-7.219E-1
-7.437E-1
-7.655E-1
-7.655E-1
-7.873E-1
-7.873E-1
-8.091E-1
-8.091E-1
-8.308E-1
-8.308E-1
-8.526E-1
-8.526E-1
-8.526E-1
-8.744E-1
-8.744E-1
-8.744E-1
-8.962E-1
-9.179E-1
-9.179E-1
-9.397E-1
-9.397E-1
-9.615E-1
-9.615E-1
-9.833E-1
-9.833E-1
-1.005E+0
-1.005E+0
-1.005E+0
-1.027E+0
-1.027E+0
-1.049E+0
-1.049E+0
-1.070E+0
-1.070E+0
-1.092E+0
-1.092E+0
-1.114E+0
-1.114E+0
-1.114E+0
-1.136E+0
-1.136E+0
-1.136E+0
-1.157E+0
-1.157E+0
-1.179E+0
-1.179E+0
-1.201E+0
-1.201E+0
-1.223E+0
-1.223E+0
-1.245E+0
-1.245E+0
-1.245E+0
-1.266E+0
-1.266E+0
-1.266E+0
-1.288E+0
-1.288E+0
-1.288E+0
-1.288E+0
-1.310E+0
-1.310E+0
-1.332E+0
-1.332E+0
-1.353E+0
-1.353E+0
-1.375E+0
-1.375E+0
-1.397E+0
-1.397E+0
-1.419E+0
-1.419E+0
-1.419E+0
-1.419E+0
-1.441E+0
-1.441E+0
-1.441E+0
-1.441E+0
-1.462E+0
-1.462E+0
-1.462E+0
-1.484E+0
-1.484E+0
-1.506E+0
-1.506E+0
-1.528E+0
-1.528E+0
-1.528E+0
-1.528E+0
-1.549E+0
-1.549E+0
-1.549E+0
-1.549E+0
-1.549E+0
-1.571E+0
-1.571E+0
-1.571E+0
-1.571E+0
-1.571E+0
-1.571E+0
-1.593E+0
-1.593E+0
-1.593E+0
-1.615E+0
-1.615E+0
-1.615E+0
-1.637E+0
-1.637E+0
-1.637E+0
-1.658E+0
-1.658E+0
-1.658E+0
-1.658E+0
-1.680E+0
-1.680E+0
-1.680E+0
-1.702E+0
-1.702E+0
-1.702E+0
-1.702E+0
-1.702E+0
-1.702E+0
-1.702E+0
-1.702E+0
-1.702E+0
-1.724E+0
-1.724E+0
-1.724E+0
-1.724E+0
-1.745E+0
-1.745E+0
-1.745E+0
-1.745E+0
-1.745E+0
-1.767E+0
-1.767E+0
-1.767E+0
-1.767E+0
-1.767E+0
-1.767E+0
-1.767E+0
-1.767E+0
-1.767E+0
-1.767E+0
-1.767E+0
-1.789E+0
-1.789E+0
-1.789E+0
-1.789E+0
-1.811E+0
-1.811E+0
-1.811E+0
-1.811E+0
-1.811E+0
-1.833E+0
-1.833E+0
-1.833E+0
-1.833E+0
-1.833E+0
-1.833E+0
-1.833E+0
-1.833E+0
-1.833E+0
-1.833E+0
-1.833E+0
-1.833E+0
-1.833E+0
-1.833E+0
-1.833E+0
-1.854E+0
-1.854E+0
-1.854E+0
-1.854E+0
-1.854E+0
-1.854E+0
-1.854E+0
-1.854E+0
-1.854E+0
-1.854E+0
-1.854E+0
-1.854E+0
-1.854E+0
-1.854E+0
-1.854E+0
-1.854E+0
-1.854E+0
-1.854E+0
-1.854E+0
-1.854E+0
-1.854E+0
-1.854E+0
-1.854E+0
-1.854E+0
-1.854E+0
-1.854E+0
-1.854E+0
-1.854E+0
-1.854E+0
-1.854E+0
-1.854E+0
-1.854E+0
-1.854E+0
-1.854E+0
-1.854E+0
-1.833E+0
-1.833E+0
-1.833E+0
-1.833E+0
-1.833E+0
-1.833E+0
-1.833E+0
-1.833E+0
-1.833E+0
-1.833E+0
-1.833E+0
-1.833E+0
-1.833E+0
-1.833E+0
-1.833E+0
-1.833E+0
-1.833E+0
-1.833E+0
-1.811E+0
-1.811E+0
-1.811E+0
-1.789E+0
-1.789E+0
-1.789E+0
-1.789E+0
-1.789E+0
-1.789E+0
-1.789E+0
-1.789E+0
-1.789E+0
-1.767E+0
-1.767E+0
-1.767E+0
-1.767E+0
-1.767E+0
-1.767E+0
-1.767E+0
-1.767E+0
-1.745E+0
-1.745E+0
-1.745E+0
-1.724E+0
-1.724E+0
-1.724E+0
-1.724E+0
-1.724E+0
-1.724E+0
-1.724E+0
-1.702E+0
-1.702E+0
-1.702E+0
-1.680E+0
-1.680E+0
-1.680E+0
-1.658E+0
-1.658E+0
-1.658E+0
-1.658E+0
-1.658E+0
-1.658E+0
-1.637E+0
-1.637E+0
-1.637E+0
-1.637E+0
-1.637E+0
-1.615E+0
-1.615E+0
-1.615E+0
-1.593E+0
-1.593E+0
-1.593E+0
-1.571E+0
-1.571E+0
-1.571E+0
-1.571E+0
-1.549E+0
-1.549E+0
-1.549E+0
-1.528E+0
-1.528E+0
-1.528E+0
-1.506E+0
-1.506E+0
-1.506E+0
-1.506E+0
-1.484E+0
-1.484E+0
-1.484E+0
-1.462E+0
-1.462E+0
-1.462E+0
-1.441E+0
-1.441E+0
-1.441E+0
-1.441E+0
-1.419E+0
-1.419E+0
-1.419E+0
-1.419E+0
-1.397E+0
-1.397E+0
-1.375E+0
-1.375E+0
-1.353E+0
-1.353E+0
-1.332E+0
-1.332E+0
-1.310E+0
-1.288E+0
-1.288E+0
-1.288E+0
-1.266E+0
-1.266E+0
-1.245E+0
-1.245E+0
-1.245E+0
-1.223E+0
-1.223E+0
-1.223E+0
-1.223E+0
-1.201E+0
-1.201E+0
-1.201E+0
-1.179E+0
-1.179E+0
-1.157E+0
-1.157E+0
-1.136E+0
-1.114E+0
-1.114E+0
-1.114E+0
-1.092E+0
-1.092E+0
-1.092E+0
-1.070E+0
-1.070E+0
-1.049E+0
-1.049E+0
-1.027E+0
-1.027E+0
-1.005E+0
-1.005E+0
-9.833E-1
-9.833E-1
-9.833E-1
-9.615E-1
-9.615E-1
-9.615E-1
-9.397E-1
-9.397E-1
-9.179E-1
-9.179E-1
-8.962E-1
-8.962E-1
-8.744E-1
-8.744E-1
-8.526E-1
-8.526E-1
-8.308E-1
-8.308E-1
-8.091E-1
-8.091E-1
-7.873E-1
-7.655E-1
-7.655E-1
-7.437E-1
-7.219E-1
-7.219E-1
-7.002E-1
-7.002E-1
-7.002E-1
-6.784E-1
-6.784E-1
-6.784E-1
-6.566E-1
-6.566E-1
-6.348E-1
-6.348E-1
-6.131E-1
-6.131E-1
-5.913E-1
-5.913E-1
-5.695E-1
-5.695E-1
-5.477E-1
-5.477E-1
-5.260E-1
-5.260E-1
-5.042E-1
-5.042E-1
-4.824E-1
-4.824E-1
-4.606E-1
-4.389E-1
-4.389E-1
-4.171E-1
-4.171E-1
-3.953E-1
-3.953E-1
-3.735E-1
-3.735E-1
-3.517E-1
-3.517E-1
-3.300E-1
-3.300E-1
-3.082E-1
-3.082E-1
-2.864E-1
-2.646E-1
-2.646E-1
-2.429E-1
-2.429E-1
-2.211E-1
-2.211E-1
-1.993E-1
-1.993E-1
-1.775E-1
-1.775E-1
-1.558E-1
-1.558E-1
-1.340E-1
-1.340E-1
-1.122E-1
-1.122E-1
-9.042E-2
-9.042E-2
-6.865E-2
-6.865E-2
-4.687E-2
-4.687E-2
-2.509E-2
-2.509E-2
-3.318E-3
1.846E-2
1.846E-2
4.023E-2
6.201E-2
6.201E-2
8.379E-2
8.379E-2
1.056E-1
1.056E-1
1.273E-1
1.273E-1
1.491E-1
1.491E-1
1.709E-1
1.709E-1
1.927E-1
2.144E-1
2.144E-1
2.362E-1
2.580E-1
2.580E-1
2.798E-1
2.798E-1
2.798E-1
2.798E-1
3.016E-1
3.016E-1
3.233E-1
3.233E-1
3.451E-1
3.669E-1
3.669E-1
3.887E-1
3.887E-1
4.104E-1
4.104E-1
4.322E-1
4.322E-1
4.540E-1
4.540E-1
4.758E-1
4.758E-1
4.975E-1
4.975E-1
5.193E-1
5.411E-1
5.411E-1
5.629E-1
5.846E-1
5.846E-1
6.064E-1
6.064E-1
