1.000E-9
-1.000E-6
-3.968E-1
-3.968E-1
-3.968E-1
-3.968E-1
-3.968E-1
-3.968E-1
-3.968E-1
-3.968E-1
-3.968E-1
-3.968E-1
-3.968E-1
-3.968E-1
-3.968E-1
-3.968E-1
-3.968E-1
-3.968E-1
-3.968E-1
-3.968E-1
-3.968E-1
-3.968E-1
-3.968E-1
-3.968E-1
-3.968E-1
-3.968E-1
-3.968E-1
-3.968E-1
-3.968E-1
-3.968E-1
-3.968E-1
-3.968E-1
-3.968E-1
-3.968E-1
-3.968E-1
-3.968E-1
-3.968E-1
-3.968E-1
-3.968E-1
-3.968E-1
-3.968E-1
-3.968E-1
-3.968E-1
-3.968E-1
-3.968E-1
-3.968E-1
-3.968E-1
-3.968E-1
-3.968E-1
-3.968E-1
-3.968E-1
-3.968E-1
-3.968E-1
-3.968E-1
-3.968E-1
-3.968E-1
-3.968E-1
-3.968E-1
-3.968E-1
-3.968E-1
-3.968E-1
-3.968E-1
-3.968E-1
-3.968E-1
-3.968E-1
-3.968E-1
-3.968E-1
-3.968E-1
-3.968E-1
-3.968E-1
-3.968E-1
-3.968E-1
-3.968E-1
-3.968E-1
-3.968E-1
-3.968E-1
-3.968E-1
-3.968E-1
-3.968E-1
-3.968E-1
-3.968E-1
-3.968E-1
-3.968E-1
-3.968E-1
-3.968E-1
-3.968E-1
-3.968E-1
-3.968E-1
-3.968E-1
-3.968E-1
-3.968E-1
-3.968E-1
-3.968E-1
-3.968E-1
-3.968E-1
-3.968E-1
-3.968E-1
-3.968E-1
-3.968E-1
-3.968E-1
-3.968E-1
-3.968E-1
-3.968E-1
-3.968E-1
-3.968E-1
-3.968E-1
-3.968E-1
-3.968E-1
-3.968E-1
-3.968E-1
-3.968E-1
-3.968E-1
-3.968E-1
-3.968E-1
-3.968E-1
-3.968E-1
-3.968E-1
-3.968E-1
-3.968E-1
-3.968E-1
-3.968E-1
-3.968E-1
-3.968E-1
-3.968E-1
-3.968E-1
-3.968E-1
-3.968E-1
-3.968E-1
-3.968E-1
-3.968E-1
-3.968E-1
-3.968E-1
-3.968E-1
-3.968E-1
-3.968E-1
-3.968E-1
-3.968E-1
-3.968E-1
-3.968E-1
-3.968E-1
-3.968E-1
-3.968E-1
-3.968E-1
-3.968E-1
-3.968E-1
-3.968E-1
-3.968E-1
-3.968E-1
-3.968E-1
-3.968E-1
-3.968E-1
-3.968E-1
-3.968E-1
-3.968E-1
-3.968E-1
-3.968E-1
-3.968E-1
-3.968E-1
-3.968E-1
-3.968E-1
-3.968E-1
-3.968E-1
-3.968E-1
-3.968E-1
-3.968E-1
-3.968E-1
-3.968E-1
-3.968E-1
-3.968E-1
-3.968E-1
-3.968E-1
-3.968E-1
-3.968E-1
-3.968E-1
-3.968E-1
-3.968E-1
-3.968E-1
-3.968E-1
-3.968E-1
-3.968E-1
-3.968E-1
-3.968E-1
-3.968E-1
-3.968E-1
-3.968E-1
-3.968E-1
-3.968E-1
-3.968E-1
-3.968E-1
-3.968E-1
-3.968E-1
-3.968E-1
-3.968E-1
-3.968E-1
-3.968E-1
-3.968E-1
-3.968E-1
-3.968E-1
-3.968E-1
-3.968E-1
-3.968E-1
-3.968E-1
-3.968E-1
-3.968E-1
-3.968E-1
-3.968E-1
-3.968E-1
-3.968E-1
-3.968E-1
-3.968E-1
-3.968E-1
-3.968E-1
-3.968E-1
-3.968E-1
-3.968E-1
-3.968E-1
-3.968E-1
-3.968E-1
-3.968E-1
-3.968E-1
-3.968E-1
-3.968E-1
-3.968E-1
-3.968E-1
-3.968E-1
-3.968E-1
-3.968E-1
-3.968E-1
-3.968E-1
-3.968E-1
-3.968E-1
-3.968E-1
-3.968E-1
-3.968E-1
-3.968E-1
-3.968E-1
-3.968E-1
-3.968E-1
-3.968E-1
-3.968E-1
-3.968E-1
-3.968E-1
-3.968E-1
-3.968E-1
-3.968E-1
-3.968E-1
-3.968E-1
-3.968E-1
-3.968E-1
-3.968E-1
-3.968E-1
-3.968E-1
-3.968E-1
-3.968E-1
-3.968E-1
-3.968E-1
-3.968E-1
-3.968E-1
-3.968E-1
-3.968E-1
-3.968E-1
-3.968E-1
-3.968E-1
-3.968E-1
-3.968E-1
-3.968E-1
-3.968E-1
-3.968E-1
-3.968E-1
-3.968E-1
-3.968E-1
-3.968E-1
-3.968E-1
-3.968E-1
-3.968E-1
-3.968E-1
-3.968E-1
-3.968E-1
-3.968E-1
-3.968E-1
-3.968E-1
-3.968E-1
-3.968E-1
-3.968E-1
-3.968E-1
-3.968E-1
-3.968E-1
-3.968E-1
-3.968E-1
-3.968E-1
-3.968E-1
-3.968E-1
-3.968E-1
-3.968E-1
-3.968E-1
-3.968E-1
-3.968E-1
-3.968E-1
-3.968E-1
-3.968E-1
-3.968E-1
-3.968E-1
-3.968E-1
-3.968E-1
-3.968E-1
-3.968E-1
-3.968E-1
-3.968E-1
-3.968E-1
-3.968E-1
-3.968E-1
-3.968E-1
-3.968E-1
-3.968E-1
-3.968E-1
-3.968E-1
-3.968E-1
-3.968E-1
-3.968E-1
-3.968E-1
-3.968E-1
-3.968E-1
-3.968E-1
-3.968E-1
-3.968E-1
-3.968E-1
-3.968E-1
-3.968E-1
-3.968E-1
-3.968E-1
-3.968E-1
-3.968E-1
-3.968E-1
-3.968E-1
-3.968E-1
-3.968E-1
-3.968E-1
-3.968E-1
-3.968E-1
-3.968E-1
-3.968E-1
-3.968E-1
-3.968E-1
-3.968E-1
-3.968E-1
-3.968E-1
-3.968E-1
-3.968E-1
-3.968E-1
-3.968E-1
-3.968E-1
-3.968E-1
-3.968E-1
-3.968E-1
-3.968E-1
-3.968E-1
-3.968E-1
-3.968E-1
-3.968E-1
-3.968E-1
-3.968E-1
-3.968E-1
-3.968E-1
-3.968E-1
-3.968E-1
-3.968E-1
-3.968E-1
-3.968E-1
-3.968E-1
-3.968E-1
-3.968E-1
-3.968E-1
-3.968E-1
-3.968E-1
-3.968E-1
-3.968E-1
-3.968E-1
-3.968E-1
-3.968E-1
-3.968E-1
-3.968E-1
-3.968E-1
-3.968E-1
-3.968E-1
-3.968E-1
-3.968E-1
-3.968E-1
-3.968E-1
-3.968E-1
-3.968E-1
-3.968E-1
-3.968E-1
-3.968E-1
-3.968E-1
-3.968E-1
-3.968E-1
-3.968E-1
-3.968E-1
-3.968E-1
-3.968E-1
-3.968E-1
-3.968E-1
-3.968E-1
-3.968E-1
-3.968E-1
-3.968E-1
-3.968E-1
-3.968E-1
-3.968E-1
-3.968E-1
-3.968E-1
-3.968E-1
-3.968E-1
-3.968E-1
-3.968E-1
-3.968E-1
-3.968E-1
-3.968E-1
-3.968E-1
-3.968E-1
-3.968E-1
-3.968E-1
-3.968E-1
-3.968E-1
-3.968E-1
-3.968E-1
-3.968E-1
-3.968E-1
-3.968E-1
-3.968E-1
-3.968E-1
-3.968E-1
-3.968E-1
-3.968E-1
-3.968E-1
-3.968E-1
-3.968E-1
-3.968E-1
-3.968E-1
-3.968E-1
-3.968E-1
-3.968E-1
-3.968E-1
-3.968E-1
-3.968E-1
-3.968E-1
-3.968E-1
-3.968E-1
-3.968E-1
-3.968E-1
-3.968E-1
-3.968E-1
-3.968E-1
-3.968E-1
-3.968E-1
-3.968E-1
-3.968E-1
-3.968E-1
-3.968E-1
-3.968E-1
-3.968E-1
-3.968E-1
-3.968E-1
-3.968E-1
-3.968E-1
-3.968E-1
-3.968E-1
-3.968E-1
-3.968E-1
-3.968E-1
-3.968E-1
-3.968E-1
-3.968E-1
-3.968E-1
-3.968E-1
-3.968E-1
-3.968E-1
-3.968E-1
-3.968E-1
-3.968E-1
-3.968E-1
-3.968E-1
-3.968E-1
-3.968E-1
-3.968E-1
-3.968E-1
-3.968E-1
-3.968E-1
-3.968E-1
-3.968E-1
-3.968E-1
-3.968E-1
-3.968E-1
-3.968E-1
-3.968E-1
-3.968E-1
-3.968E-1
-3.968E-1
-3.968E-1
-3.968E-1
-3.968E-1
-3.968E-1
-3.968E-1
-3.968E-1
-3.968E-1
-3.968E-1
-3.968E-1
-3.968E-1
-3.968E-1
-3.968E-1
-3.968E-1
-3.968E-1
-3.968E-1
-3.968E-1
-3.968E-1
-3.968E-1
-3.968E-1
-3.968E-1
-3.968E-1
-3.968E-1
-3.968E-1
-3.968E-1
-3.968E-1
-3.968E-1
-3.968E-1
-3.968E-1
-3.968E-1
-3.968E-1
-3.968E-1
-3.968E-1
-3.968E-1
-3.968E-1
-3.968E-1
-3.968E-1
-3.968E-1
-3.968E-1
-3.968E-1
-3.968E-1
-3.968E-1
-3.968E-1
-3.968E-1
-3.968E-1
-3.968E-1
-3.968E-1
-3.968E-1
-3.968E-1
-3.968E-1
-3.968E-1
-3.968E-1
-3.968E-1
-3.968E-1
-3.968E-1
-3.968E-1
-3.968E-1
-3.968E-1
-3.968E-1
-3.968E-1
-3.968E-1
-3.968E-1
-3.968E-1
-3.968E-1
-3.968E-1
-3.968E-1
-3.968E-1
-3.968E-1
-3.968E-1
-3.968E-1
-3.968E-1
-3.968E-1
-3.968E-1
-3.968E-1
-3.968E-1
-3.968E-1
-3.968E-1
-3.968E-1
-3.968E-1
-3.968E-1
-3.968E-1
-3.968E-1
-3.968E-1
-3.968E-1
-3.968E-1
-3.968E-1
-3.968E-1
-3.968E-1
-3.968E-1
-3.968E-1
-3.968E-1
-3.968E-1
-3.968E-1
-3.968E-1
-3.968E-1
-3.968E-1
-3.968E-1
-3.968E-1
-3.968E-1
-3.968E-1
-3.968E-1
-3.968E-1
-3.968E-1
-3.968E-1
-3.968E-1
-3.968E-1
-3.968E-1
-3.968E-1
-3.968E-1
-3.968E-1
-3.968E-1
-3.968E-1
-3.968E-1
-3.968E-1
-3.968E-1
-3.968E-1
-3.968E-1
-3.968E-1
-3.968E-1
-3.968E-1
-3.968E-1
-3.968E-1
-3.968E-1
-3.968E-1
-3.968E-1
-3.968E-1
-3.968E-1
-3.968E-1
-3.968E-1
-3.968E-1
-3.968E-1
-3.968E-1
-3.968E-1
-3.968E-1
-3.968E-1
-3.968E-1
-3.968E-1
-3.968E-1
-3.968E-1
-3.968E-1
-3.968E-1
-3.968E-1
-3.968E-1
-3.968E-1
-3.968E-1
-3.968E-1
-3.968E-1
-3.968E-1
-3.968E-1
-3.968E-1
-3.968E-1
-3.968E-1
-3.968E-1
-3.968E-1
-3.968E-1
-3.968E-1
-3.968E-1
-3.968E-1
-3.968E-1
-3.968E-1
-3.968E-1
-3.968E-1
-3.968E-1
-3.968E-1
-3.968E-1
-3.968E-1
-3.968E-1
-3.968E-1
-3.968E-1
-3.968E-1
-3.968E-1
-3.968E-1
-3.968E-1
-3.968E-1
-3.968E-1
-3.968E-1
-3.968E-1
-3.968E-1
-3.968E-1
-3.968E-1
-3.968E-1
-3.968E-1
-3.968E-1
-3.968E-1
-3.968E-1
-3.968E-1
-3.968E-1
-3.968E-1
-3.968E-1
-3.968E-1
-3.968E-1
-3.968E-1
-3.968E-1
-3.968E-1
-3.968E-1
-3.968E-1
-3.968E-1
-3.968E-1
-3.968E-1
-3.968E-1
-3.968E-1
-3.968E-1
-3.968E-1
-3.968E-1
-3.968E-1
-3.968E-1
-3.968E-1
-3.968E-1
-3.968E-1
-3.968E-1
-3.968E-1
-3.968E-1
-3.968E-1
-3.968E-1
-3.968E-1
-3.968E-1
-3.968E-1
-3.968E-1
-3.968E-1
-3.968E-1
-3.968E-1
-3.968E-1
-3.968E-1
-3.968E-1
-3.968E-1
-3.968E-1
-3.968E-1
-3.968E-1
-3.968E-1
-3.968E-1
-3.968E-1
-3.968E-1
-3.968E-1
-3.968E-1
-3.968E-1
-3.968E-1
-3.968E-1
-3.968E-1
-3.968E-1
-3.968E-1
-3.968E-1
-3.968E-1
-3.968E-1
-3.968E-1
-3.968E-1
-3.968E-1
-3.968E-1
-3.968E-1
-3.968E-1
-3.968E-1
-3.968E-1
-3.968E-1
-3.968E-1
-3.968E-1
-3.968E-1
-3.968E-1
-3.968E-1
-3.968E-1
-3.968E-1
-3.968E-1
-3.968E-1
-3.968E-1
-3.968E-1
-3.968E-1
-3.968E-1
-3.968E-1
-3.968E-1
-3.968E-1
-3.968E-1
-3.968E-1
-3.968E-1
-3.968E-1
-3.968E-1
-3.968E-1
-3.968E-1
-3.968E-1
-3.968E-1
-3.968E-1
-3.968E-1
-3.968E-1
-3.968E-1
-3.968E-1
-3.968E-1
-3.968E-1
-3.968E-1
-3.968E-1
-3.968E-1
-3.968E-1
-3.968E-1
-3.968E-1
-3.968E-1
-3.968E-1
-3.968E-1
-3.968E-1
-3.968E-1
-3.968E-1
-3.968E-1
-3.968E-1
-3.968E-1
-3.968E-1
-3.968E-1
-3.968E-1
-3.968E-1
-3.968E-1
-3.968E-1
-3.968E-1
-3.968E-1
-3.968E-1
-3.968E-1
-3.968E-1
-3.968E-1
-3.968E-1
-3.968E-1
-3.968E-1
-3.968E-1
-3.968E-1
-3.968E-1
-3.968E-1
-3.968E-1
-3.968E-1
-3.968E-1
-3.968E-1
-3.968E-1
-3.968E-1
-3.968E-1
-3.968E-1
-3.968E-1
-3.968E-1
-3.968E-1
-3.968E-1
-3.968E-1
-3.968E-1
-3.968E-1
-3.968E-1
-3.968E-1
-3.968E-1
-3.968E-1
-3.968E-1
-3.968E-1
-3.968E-1
-3.968E-1
-3.968E-1
-3.968E-1
-3.968E-1
-3.968E-1
-3.968E-1
-3.968E-1
-3.968E-1
-3.968E-1
-3.968E-1
-3.968E-1
-3.968E-1
-3.968E-1
-3.968E-1
-3.968E-1
-3.968E-1
-3.968E-1
-3.968E-1
-3.968E-1
-3.968E-1
-3.968E-1
-3.968E-1
-3.968E-1
-3.968E-1
-3.968E-1
-3.968E-1
-3.968E-1
-3.968E-1
-3.968E-1
-3.968E-1
-3.968E-1
-3.968E-1
-3.968E-1
-3.968E-1
-3.968E-1
-3.968E-1
-3.968E-1
-3.968E-1
-3.968E-1
-3.968E-1
-3.968E-1
-3.968E-1
-3.968E-1
-3.968E-1
-3.968E-1
-3.968E-1
-3.968E-1
-3.968E-1
-3.968E-1
-3.968E-1
-3.968E-1
-3.968E-1
-3.968E-1
-3.968E-1
-3.968E-1
-3.968E-1
-3.968E-1
-3.968E-1
-3.968E-1
-3.968E-1
-3.968E-1
-3.968E-1
-3.968E-1
-3.968E-1
-3.968E-1
-3.968E-1
-3.968E-1
-3.968E-1
-3.968E-1
-3.968E-1
-3.968E-1
-3.968E-1
-3.968E-1
-3.968E-1
-3.968E-1
-3.968E-1
-3.968E-1
-3.968E-1
-3.968E-1
-3.968E-1
-3.968E-1
-3.968E-1
-3.968E-1
-3.968E-1
-3.968E-1
-3.968E-1
-3.968E-1
-3.968E-1
-3.968E-1
-3.968E-1
-3.968E-1
-3.968E-1
-3.968E-1
-3.968E-1
-3.968E-1
-3.968E-1
-3.968E-1
-3.968E-1
-3.968E-1
-3.968E-1
-3.968E-1
-3.748E-1
-3.748E-1
-3.748E-1
-3.748E-1
-3.748E-1
-3.748E-1
-3.528E-1
-3.528E-1
-3.308E-1
-3.308E-1
-3.089E-1
-3.089E-1
-2.869E-1
-2.869E-1
-2.649E-1
-2.649E-1
-2.429E-1
-2.429E-1
-2.429E-1
-2.210E-1
-2.210E-1
-1.990E-1
-1.990E-1
-1.770E-1
-1.770E-1
-1.551E-1
-1.551E-1
-1.331E-1
-1.331E-1
-1.111E-1
-1.111E-1
-8.914E-2
-8.914E-2
-6.716E-2
-6.716E-2
-4.519E-2
-4.519E-2
-2.322E-2
-1.245E-3
-1.245E-3
2.073E-2
2.073E-2
4.270E-2
4.270E-2
6.467E-2
6.467E-2
8.665E-2
8.665E-2
1.086E-1
1.086E-1
1.306E-1
1.306E-1
1.526E-1
1.526E-1
1.745E-1
1.745E-1
1.965E-1
1.965E-1
1.965E-1
2.185E-1
2.185E-1
2.405E-1
2.405E-1
2.624E-1
2.624E-1
2.844E-1
2.844E-1
3.064E-1
3.283E-1
3.283E-1
3.503E-1
3.503E-1
3.723E-1
3.723E-1
3.723E-1
3.943E-1
3.943E-1
3.943E-1
4.162E-1
4.162E-1
4.382E-1
4.382E-1
4.602E-1
4.602E-1
4.822E-1
4.822E-1
5.041E-1
5.041E-1
5.261E-1
5.261E-1
5.481E-1
5.481E-1
5.700E-1
5.700E-1
5.920E-1
5.920E-1
6.140E-1
6.140E-1
6.140E-1
6.360E-1
6.360E-1
6.579E-1
6.579E-1
6.579E-1
6.799E-1
6.799E-1
7.019E-1
7.019E-1
7.019E-1
7.239E-1
7.239E-1
7.458E-1
7.458E-1
7.458E-1
7.678E-1
7.678E-1
7.898E-1
7.898E-1
8.117E-1
8.117E-1
8.337E-1
8.337E-1
8.557E-1
8.557E-1
8.777E-1
8.777E-1
8.777E-1
8.777E-1
8.777E-1
8.996E-1
8.996E-1
8.996E-1
9.216E-1
9.216E-1
9.436E-1
9.436E-1
9.656E-1
9.656E-1
9.875E-1
9.875E-1
9.875E-1
1.009E+0
1.009E+0
1.009E+0
1.009E+0
1.031E+0
1.031E+0
1.031E+0
1.031E+0
1.053E+0
1.053E+0
1.075E+0
1.075E+0
1.075E+0
1.097E+0
1.097E+0
1.119E+0
1.119E+0
1.141E+0
1.141E+0
1.141E+0
1.163E+0
1.163E+0
1.163E+0
1.163E+0
1.185E+0
1.185E+0
1.185E+0
1.185E+0
1.185E+0
1.207E+0
1.207E+0
1.207E+0
1.207E+0
1.207E+0
1.229E+0
1.229E+0
1.229E+0
1.229E+0
1.251E+0
1.251E+0
1.273E+0
1.273E+0
1.273E+0
1.295E+0
1.295E+0
1.295E+0
1.295E+0
1.295E+0
1.295E+0
1.317E+0
1.317E+0
1.317E+0
1.317E+0
1.317E+0
1.339E+0
1.339E+0
1.339E+0
1.361E+0
1.361E+0
1.361E+0
1.383E+0
1.383E+0
1.383E+0
1.383E+0
1.383E+0
1.383E+0
1.383E+0
1.383E+0
1.383E+0
1.383E+0
1.383E+0
1.383E+0
1.383E+0
1.405E+0
1.405E+0
1.427E+0
1.427E+0
1.427E+0
1.427E+0
1.427E+0
1.427E+0
1.427E+0
1.427E+0
1.427E+0
1.449E+0
1.449E+0
1.449E+0
1.449E+0
1.449E+0
1.449E+0
1.449E+0
1.449E+0
1.449E+0
1.449E+0
1.449E+0
1.449E+0
1.449E+0
1.449E+0
1.449E+0
1.471E+0
1.471E+0
1.471E+0
1.471E+0
1.471E+0
1.471E+0
1.471E+0
1.471E+0
1.471E+0
1.471E+0
1.471E+0
1.471E+0
1.471E+0
1.471E+0
1.471E+0
1.471E+0
1.471E+0
1.471E+0
1.471E+0
1.471E+0
1.471E+0
1.471E+0
1.471E+0
1.471E+0
1.471E+0
1.471E+0
1.471E+0
1.471E+0
1.471E+0
1.471E+0
1.471E+0
1.471E+0
1.471E+0
1.471E+0
1.471E+0
1.449E+0
1.449E+0
1.449E+0
1.449E+0
1.449E+0
1.449E+0
1.449E+0
1.449E+0
1.449E+0
1.449E+0
1.449E+0
1.449E+0
1.449E+0
1.449E+0
1.449E+0
1.449E+0
1.427E+0
1.427E+0
1.427E+0
1.427E+0
1.405E+0
1.405E+0
1.405E+0
1.405E+0
1.383E+0
1.383E+0
1.383E+0
1.383E+0
1.383E+0
1.383E+0
1.383E+0
1.383E+0
1.383E+0
1.383E+0
1.383E+0
1.383E+0
1.361E+0
1.361E+0
1.361E+0
1.361E+0
1.339E+0
1.339E+0
1.339E+0
1.339E+0
1.339E+0
1.317E+0
1.317E+0
1.317E+0
1.317E+0
1.317E+0
1.295E+0
1.295E+0
1.295E+0
1.295E+0
1.295E+0
1.273E+0
1.273E+0
1.273E+0
1.273E+0
1.251E+0
1.251E+0
1.229E+0
1.229E+0
1.229E+0
1.229E+0
1.207E+0
1.207E+0
1.207E+0
1.207E+0
1.207E+0
1.185E+0
1.185E+0
1.185E+0
1.185E+0
1.185E+0
1.163E+0
1.163E+0
1.163E+0
1.163E+0
1.141E+0
1.141E+0
1.141E+0
1.119E+0
1.119E+0
1.097E+0
1.097E+0
1.075E+0
1.075E+0
1.075E+0
1.053E+0
1.053E+0
1.031E+0
1.031E+0
1.031E+0
1.009E+0
1.009E+0
9.875E-1
9.875E-1
9.875E-1
9.656E-1
9.656E-1
9.436E-1
9.436E-1
9.436E-1
9.436E-1
9.216E-1
9.216E-1
9.216E-1
9.216E-1
8.996E-1
8.996E-1
8.996E-1
8.777E-1
8.777E-1
8.557E-1
8.557E-1
8.337E-1
8.337E-1
8.117E-1
8.117E-1
7.898E-1
7.898E-1
7.678E-1
7.678E-1
7.458E-1
7.458E-1
7.458E-1
7.458E-1
7.458E-1
7.239E-1
7.239E-1
7.239E-1
7.019E-1
6.799E-1
6.799E-1
6.579E-1
6.579E-1
6.360E-1
6.360E-1
6.140E-1
6.140E-1
5.920E-1
5.920E-1
5.920E-1
5.700E-1
5.700E-1
5.481E-1
5.481E-1
5.261E-1
5.261E-1
5.041E-1
5.041E-1
4.822E-1
4.822E-1
4.602E-1
4.602E-1
4.382E-1
4.382E-1
4.162E-1
4.162E-1
3.943E-1
3.943E-1
3.723E-1
3.723E-1
3.723E-1
3.503E-1
3.503E-1
3.503E-1
3.283E-1
3.283E-1
3.064E-1
3.064E-1
2.844E-1
2.624E-1
2.624E-1
2.405E-1
2.405E-1
2.185E-1
2.185E-1
1.965E-1
1.965E-1
1.745E-1
1.745E-1
1.526E-1
1.526E-1
1.306E-1
1.306E-1
1.086E-1
1.086E-1
8.665E-2
8.665E-2
6.467E-2
6.467E-2
4.270E-2
4.270E-2
2.073E-2
2.073E-2
-1.245E-3
-1.245E-3
-2.322E-2
-2.322E-2
-4.519E-2
-4.519E-2
-6.716E-2
-6.716E-2
-8.914E-2
-8.914E-2
-1.111E-1
-1.331E-1
-1.331E-1
-1.551E-1
-1.551E-1
-1.770E-1
-1.770E-1
-1.990E-1
-1.990E-1
-2.210E-1
-2.210E-1
-2.429E-1
-2.429E-1
-2.649E-1
-2.649E-1
-2.869E-1
-2.869E-1
-3.089E-1
-3.089E-1
-3.308E-1
-3.308E-1
-3.528E-1
-3.528E-1
-3.748E-1
-3.748E-1
-3.968E-1
-4.187E-1
-4.187E-1
-4.407E-1
-4.407E-1
-4.627E-1
-4.846E-1
-4.846E-1
-5.066E-1
-5.066E-1
-5.286E-1
-5.286E-1
-5.506E-1
-5.506E-1
-5.725E-1
-5.725E-1
-5.945E-1
-5.945E-1
-6.165E-1
-6.165E-1
-6.385E-1
-6.604E-1
-6.604E-1
-6.824E-1
-6.824E-1
-7.044E-1
-7.044E-1
-7.263E-1
-7.263E-1
-7.483E-1
-7.483E-1
-7.703E-1
-7.703E-1
-7.923E-1
-7.923E-1
-8.142E-1
-8.142E-1
-8.362E-1
-8.362E-1
-8.582E-1
-8.582E-1
-8.802E-1
-8.802E-1
-9.021E-1
-9.021E-1
-9.241E-1
-9.241E-1
-9.461E-1
-9.461E-1
-9.680E-1
-9.680E-1
-9.900E-1
-9.900E-1
-1.012E+0
-1.012E+0
-1.034E+0
-1.034E+0
-1.056E+0
-1.056E+0
-1.078E+0
-1.078E+0
-1.078E+0
-1.100E+0
-1.100E+0
-1.100E+0
-1.122E+0
-1.122E+0
-1.144E+0
-1.166E+0
-1.166E+0
-1.188E+0
-1.210E+0
-1.210E+0
-1.232E+0
-1.232E+0
-1.254E+0
-1.254E+0
-1.276E+0
-1.276E+0
-1.298E+0
-1.298E+0
-1.298E+0
-1.320E+0
-1.320E+0
-1.320E+0
-1.342E+0
-1.342E+0
-1.364E+0
-1.364E+0
-1.364E+0
-1.386E+0
-1.407E+0
-1.407E+0
-1.429E+0
-1.429E+0
-1.451E+0
-1.451E+0
-1.473E+0
-1.473E+0
-1.495E+0
-1.495E+0
-1.495E+0
-1.517E+0
-1.517E+0
-1.517E+0
-1.539E+0
-1.539E+0
-1.561E+0
-1.561E+0
-1.583E+0
-1.583E+0
-1.583E+0
-1.605E+0
-1.605E+0
-1.627E+0
-1.627E+0
-1.627E+0
-1.649E+0
-1.649E+0
-1.649E+0
-1.671E+0
-1.671E+0
-1.693E+0
-1.693E+0
-1.715E+0
-1.715E+0
-1.715E+0
-1.737E+0
-1.737E+0
-1.759E+0
-1.759E+0
-1.759E+0
-1.759E+0
-1.781E+0
-1.781E+0
-1.781E+0
-1.781E+0
-1.803E+0
-1.803E+0
-1.803E+0
-1.825E+0
-1.825E+0
-1.847E+0
-1.847E+0
-1.869E+0
-1.869E+0
-1.869E+0
-1.891E+0
-1.891E+0
-1.913E+0
-1.913E+0
-1.913E+0
-1.913E+0
-1.935E+0
-1.935E+0
-1.935E+0
-1.935E+0
-1.957E+0
-1.957E+0
-1.957E+0
-1.979E+0
-1.979E+0
-1.979E+0
-2.001E+0
-2.001E+0
-2.001E+0
-2.001E+0
-2.001E+0
-2.023E+0
-2.023E+0
-2.023E+0
-2.023E+0
-2.023E+0
-2.045E+0
-2.045E+0
-2.045E+0
-2.045E+0
-2.045E+0
-2.067E+0
-2.067E+0
-2.067E+0
-2.067E+0
-2.067E+0
-2.089E+0
-2.089E+0
-2.089E+0
-2.089E+0
-2.089E+0
-2.111E+0
-2.111E+0
-2.111E+0
-2.111E+0
-2.111E+0
-2.133E+0
-2.133E+0
-2.133E+0
-2.133E+0
-2.133E+0
-2.155E+0
-2.155E+0
-2.155E+0
-2.155E+0
-2.155E+0
-2.177E+0
-2.177E+0
-2.177E+0
-2.177E+0
-2.177E+0
-2.199E+0
-2.199E+0
-2.199E+0
-2.199E+0
-2.199E+0
-2.199E+0
-2.199E+0
-2.199E+0
-2.199E+0
-2.199E+0
-2.220E+0
-2.220E+0
-2.220E+0
-2.220E+0
-2.220E+0
-2.220E+0
-2.220E+0
-2.220E+0
-2.220E+0
-2.220E+0
-2.220E+0
-2.220E+0
-2.220E+0
-2.220E+0
-2.220E+0
-2.220E+0
-2.220E+0
-2.220E+0
-2.220E+0
-2.220E+0
-2.242E+0
-2.242E+0
-2.242E+0
-2.242E+0
-2.242E+0
-2.242E+0
-2.242E+0
-2.242E+0
-2.242E+0
-2.242E+0
-2.242E+0
-2.242E+0
-2.242E+0
-2.242E+0
-2.242E+0
-2.242E+0
-2.242E+0
-2.242E+0
-2.242E+0
-2.242E+0
-2.242E+0
-2.242E+0
-2.242E+0
-2.242E+0
-2.242E+0
-2.242E+0
-2.242E+0
-2.242E+0
-2.242E+0
-2.242E+0
-2.242E+0
-2.242E+0
-2.242E+0
-2.242E+0
-2.242E+0
-2.220E+0
-2.220E+0
-2.220E+0
-2.220E+0
-2.199E+0
-2.199E+0
-2.199E+0
-2.199E+0
-2.199E+0
-2.199E+0
-2.199E+0
-2.199E+0
-2.199E+0
-2.199E+0
-2.199E+0
-2.199E+0
-2.199E+0
-2.199E+0
-2.199E+0
-2.199E+0
-2.177E+0
-2.177E+0
-2.177E+0
-2.177E+0
-2.155E+0
-2.155E+0
-2.155E+0
-2.155E+0
-2.155E+0
-2.155E+0
-2.155E+0
-2.155E+0
-2.155E+0
-2.155E+0
-2.155E+0
-2.133E+0
-2.133E+0
-2.133E+0
-2.133E+0
-2.133E+0
-2.111E+0
-2.111E+0
-2.111E+0
-2.089E+0
-2.089E+0
-2.089E+0
-2.067E+0
-2.067E+0
-2.067E+0
-2.045E+0
-2.045E+0
-2.045E+0
-2.045E+0
-2.045E+0
-2.045E+0
-2.023E+0
-2.023E+0
-2.023E+0
-2.023E+0
-2.023E+0
-2.001E+0
-2.001E+0
-2.001E+0
-2.001E+0
-2.001E+0
-1.979E+0
-1.979E+0
-1.979E+0
-1.979E+0
-1.957E+0
-1.957E+0
-1.935E+0
-1.935E+0
-1.935E+0
-1.913E+0
-1.913E+0
-1.891E+0
-1.891E+0
-1.869E+0
-1.869E+0
-1.869E+0
-1.847E+0
-1.847E+0
-1.847E+0
-1.847E+0
-1.825E+0
-1.825E+0
-1.825E+0
-1.803E+0
-1.803E+0
-1.803E+0
-1.781E+0
-1.781E+0
-1.781E+0
-1.781E+0
-1.759E+0
-1.759E+0
-1.759E+0
-1.737E+0
-1.737E+0
-1.715E+0
-1.715E+0
-1.693E+0
-1.693E+0
-1.671E+0
-1.671E+0
-1.671E+0
-1.671E+0
-1.649E+0
-1.649E+0
-1.649E+0
-1.627E+0
-1.627E+0
-1.627E+0
-1.605E+0
-1.605E+0
-1.583E+0
-1.583E+0
-1.561E+0
-1.561E+0
-1.539E+0
-1.539E+0
-1.517E+0
-1.495E+0
-1.495E+0
-1.495E+0
-1.473E+0
-1.473E+0
-1.473E+0
-1.473E+0
-1.451E+0
-1.451E+0
-1.451E+0
-1.429E+0
-1.429E+0
-1.407E+0
-1.407E+0
-1.386E+0
-1.386E+0
-1.364E+0
-1.364E+0
-1.342E+0
-1.342E+0
-1.320E+0
-1.320E+0
-1.298E+0
-1.298E+0
-1.276E+0
-1.254E+0
-1.254E+0
-1.254E+0
-1.232E+0
-1.232E+0
-1.232E+0
-1.210E+0
-1.210E+0
-1.188E+0
-1.188E+0
-1.166E+0
-1.166E+0
-1.144E+0
-1.144E+0
-1.122E+0
-1.122E+0
-1.100E+0
-1.100E+0
-1.078E+0
-1.078E+0
-1.056E+0
-1.056E+0
-1.034E+0
-1.034E+0
-1.012E+0
-9.900E-1
-9.900E-1
-9.680E-1
-9.680E-1
-9.461E-1
-9.461E-1
-9.241E-1
-9.241E-1
-9.021E-1
-9.021E-1
-8.802E-1
-8.802E-1
-8.582E-1
-8.582E-1
-8.362E-1
-8.142E-1
-8.142E-1
-8.142E-1
-7.923E-1
-7.923E-1
-7.923E-1
-7.703E-1
-7.703E-1
-7.483E-1
-7.483E-1
-7.263E-1
-7.263E-1
-7.044E-1
-7.044E-1
-6.824E-1
-6.604E-1
-6.604E-1
-6.385E-1
-6.385E-1
-6.165E-1
-5.945E-1
-5.945E-1
-5.725E-1
-5.725E-1
-5.506E-1
-5.506E-1
-5.286E-1
-5.286E-1
-5.066E-1
-5.066E-1
-4.846E-1
-4.846E-1
-4.846E-1
-4.627E-1
-4.627E-1
-4.627E-1
-4.407E-1
-4.407E-1
-4.407E-1
-4.407E-1
-4.407E-1
-4.407E-1
-4.407E-1
-4.407E-1
-4.407E-1
-4.407E-1
-4.407E-1
-4.407E-1
-4.407E-1
-4.407E-1
-4.407E-1
-4.407E-1
-4.407E-1
-4.407E-1
-4.407E-1
-4.407E-1
-4.407E-1
-4.407E-1
-4.407E-1
-4.407E-1
-4.407E-1
-4.407E-1
-4.187E-1
-4.187E-1
-4.187E-1
-4.187E-1
-4.187E-1
-4.187E-1
-4.187E-1
-4.187E-1
-4.187E-1
-4.187E-1
-4.187E-1
-4.187E-1
-4.187E-1
-4.187E-1
-4.187E-1
-4.187E-1
-4.187E-1
-4.187E-1
-4.187E-1
-4.187E-1
-4.187E-1
-4.187E-1
-4.187E-1
-4.187E-1
-4.187E-1
