1.500E-9
-1.500E-6
-1.568E-1
-1.568E-1
-1.568E-1
-1.568E-1
-1.568E-1
-1.568E-1
-1.568E-1
-1.568E-1
-1.568E-1
-1.568E-1
-1.568E-1
-1.568E-1
-1.568E-1
-1.568E-1
-1.568E-1
-1.568E-1
-1.568E-1
-1.568E-1
-1.568E-1
-1.568E-1
-1.568E-1
-1.568E-1
-1.568E-1
-1.568E-1
-1.568E-1
-1.568E-1
-1.568E-1
-1.568E-1
-1.568E-1
-1.568E-1
-1.568E-1
-1.568E-1
-1.568E-1
-1.568E-1
-1.568E-1
-1.568E-1
-1.568E-1
-1.568E-1
-1.568E-1
-1.568E-1
-1.568E-1
-1.568E-1
-1.568E-1
-1.568E-1
-1.568E-1
-1.568E-1
-1.568E-1
-1.568E-1
-1.568E-1
-1.568E-1
-1.568E-1
-1.568E-1
-1.568E-1
-1.568E-1
-1.568E-1
-1.568E-1
-1.568E-1
-1.568E-1
-1.568E-1
-1.568E-1
-1.568E-1
-1.568E-1
-1.568E-1
-1.568E-1
-1.568E-1
-1.568E-1
-1.568E-1
-1.568E-1
-1.568E-1
-1.568E-1
-1.568E-1
-1.568E-1
-1.568E-1
-1.568E-1
-1.568E-1
-1.568E-1
-1.568E-1
-1.568E-1
-1.568E-1
-1.568E-1
-1.568E-1
-1.568E-1
-1.568E-1
-1.568E-1
-1.568E-1
-1.568E-1
-1.568E-1
-1.568E-1
-1.568E-1
-1.568E-1
-1.568E-1
-1.568E-1
-1.568E-1
-1.568E-1
-1.568E-1
-1.568E-1
-1.568E-1
-1.568E-1
-1.568E-1
-1.568E-1
-1.568E-1
-1.568E-1
-1.568E-1
-1.568E-1
-1.568E-1
-1.568E-1
-1.568E-1
-1.568E-1
-1.568E-1
-1.568E-1
-1.568E-1
-1.568E-1
-1.568E-1
-1.568E-1
-1.568E-1
-1.568E-1
-1.568E-1
-1.568E-1
-1.568E-1
-1.568E-1
-1.568E-1
-1.568E-1
-1.568E-1
-1.568E-1
-1.568E-1
-1.568E-1
-1.568E-1
-1.568E-1
-1.568E-1
-1.568E-1
-1.568E-1
-1.568E-1
-1.568E-1
-1.568E-1
-1.568E-1
-1.568E-1
-1.568E-1
-1.568E-1
-1.568E-1
-1.568E-1
-1.568E-1
-1.568E-1
-1.568E-1
-1.568E-1
-1.568E-1
-1.568E-1
-1.568E-1
-1.568E-1
-1.568E-1
-1.568E-1
-1.568E-1
-1.568E-1
-1.568E-1
-1.568E-1
-1.568E-1
-1.568E-1
-1.568E-1
-1.568E-1
-1.568E-1
-1.568E-1
-1.568E-1
-1.568E-1
-1.568E-1
-1.568E-1
-1.568E-1
-1.568E-1
-1.568E-1
-1.568E-1
-1.568E-1
-1.568E-1
-1.568E-1
-1.568E-1
-1.568E-1
-1.568E-1
-1.568E-1
-1.568E-1
-1.568E-1
-1.568E-1
-1.568E-1
-1.568E-1
-1.568E-1
-1.568E-1
-1.568E-1
-1.568E-1
-1.568E-1
-1.568E-1
-1.568E-1
-1.568E-1
-1.568E-1
-1.568E-1
-1.568E-1
-1.568E-1
-1.568E-1
-1.568E-1
-1.568E-1
-1.568E-1
-1.568E-1
-1.568E-1
-1.568E-1
-1.568E-1
-1.568E-1
-1.568E-1
-1.568E-1
-1.568E-1
-1.568E-1
-1.568E-1
-1.568E-1
-1.568E-1
-1.568E-1
-1.568E-1
-1.568E-1
-1.568E-1
-1.568E-1
-1.568E-1
-1.568E-1
-1.568E-1
-1.568E-1
-1.568E-1
-1.568E-1
-1.568E-1
-1.568E-1
-1.568E-1
-1.568E-1
-1.568E-1
-1.568E-1
-1.568E-1
-1.568E-1
-1.568E-1
-1.568E-1
-1.568E-1
-1.568E-1
-1.568E-1
-1.568E-1
-1.568E-1
-1.568E-1
-1.568E-1
-1.568E-1
-1.568E-1
-1.568E-1
-1.568E-1
-1.568E-1
-1.568E-1
-1.568E-1
-1.568E-1
-1.568E-1
-1.568E-1
-1.568E-1
-1.568E-1
-1.568E-1
-1.568E-1
-1.568E-1
-1.568E-1
-1.568E-1
-1.568E-1
-1.568E-1
-1.568E-1
-1.568E-1
-1.568E-1
-1.568E-1
-1.568E-1
-1.568E-1
-1.568E-1
-1.568E-1
-1.568E-1
-1.568E-1
-1.568E-1
-1.568E-1
-1.568E-1
-1.568E-1
-1.568E-1
-1.568E-1
-1.568E-1
-1.568E-1
-1.568E-1
-1.568E-1
-1.568E-1
-1.568E-1
-1.568E-1
-1.568E-1
-1.568E-1
-1.568E-1
-1.568E-1
-1.568E-1
-1.568E-1
-1.568E-1
-1.568E-1
-1.568E-1
-1.568E-1
-1.568E-1
-1.568E-1
-1.568E-1
-1.568E-1
-1.568E-1
-1.568E-1
-1.568E-1
-1.568E-1
-1.568E-1
-1.568E-1
-1.568E-1
-1.568E-1
-1.568E-1
-1.568E-1
-1.568E-1
-1.568E-1
-1.568E-1
-1.568E-1
-1.568E-1
-1.568E-1
-1.568E-1
-1.568E-1
-1.568E-1
-1.568E-1
-1.568E-1
-1.568E-1
-1.568E-1
-1.568E-1
-1.568E-1
-1.568E-1
-1.568E-1
-1.568E-1
-1.568E-1
-1.568E-1
-1.568E-1
-1.568E-1
-1.568E-1
-1.568E-1
-1.568E-1
-1.568E-1
-1.568E-1
-1.568E-1
-1.568E-1
-1.568E-1
-1.568E-1
-1.568E-1
-1.568E-1
-1.568E-1
-1.568E-1
-1.568E-1
-1.568E-1
-1.568E-1
-1.568E-1
-1.568E-1
-1.568E-1
-1.568E-1
-1.568E-1
-1.568E-1
-1.568E-1
-1.568E-1
-1.568E-1
-1.568E-1
-1.568E-1
-1.568E-1
-1.568E-1
-1.568E-1
-1.568E-1
-1.568E-1
-1.568E-1
-1.568E-1
-1.568E-1
-1.568E-1
-1.568E-1
-1.568E-1
-1.568E-1
-1.568E-1
-1.568E-1
-1.568E-1
-1.568E-1
-1.568E-1
-1.568E-1
-1.568E-1
-1.568E-1
-1.568E-1
-1.568E-1
-1.568E-1
-1.568E-1
-1.568E-1
-1.568E-1
-1.568E-1
-1.568E-1
-1.568E-1
-1.568E-1
-1.568E-1
-1.568E-1
-1.568E-1
-1.568E-1
-1.568E-1
-1.568E-1
-1.568E-1
-1.568E-1
-1.568E-1
-1.568E-1
-1.568E-1
-1.568E-1
-1.568E-1
-1.568E-1
-1.568E-1
-1.568E-1
-1.568E-1
-1.568E-1
-1.568E-1
-1.568E-1
-1.568E-1
-1.568E-1
-1.568E-1
-1.568E-1
-1.568E-1
-1.568E-1
-1.568E-1
-1.568E-1
-1.568E-1
-1.568E-1
-1.568E-1
-1.568E-1
-1.568E-1
-1.568E-1
-1.568E-1
-1.568E-1
-1.568E-1
-1.568E-1
-1.568E-1
-1.568E-1
-1.568E-1
-1.568E-1
-1.568E-1
-1.568E-1
-1.568E-1
-1.568E-1
-1.568E-1
-1.568E-1
-1.568E-1
-1.568E-1
-1.568E-1
-1.568E-1
-1.568E-1
-1.568E-1
-1.568E-1
-1.568E-1
-1.568E-1
-1.568E-1
-1.568E-1
-1.568E-1
-1.568E-1
-1.568E-1
-1.568E-1
-1.568E-1
-1.568E-1
-1.568E-1
-1.568E-1
-1.568E-1
-1.568E-1
-1.568E-1
-1.568E-1
-1.568E-1
-1.568E-1
-1.568E-1
-1.568E-1
-1.568E-1
-1.568E-1
-1.568E-1
-1.568E-1
-1.568E-1
-1.568E-1
-1.568E-1
-1.568E-1
-1.568E-1
-1.568E-1
-1.568E-1
-1.568E-1
-1.568E-1
-1.568E-1
-1.568E-1
-1.568E-1
-1.568E-1
-1.568E-1
-1.568E-1
-1.568E-1
-1.568E-1
-1.568E-1
-1.568E-1
-1.568E-1
-1.568E-1
-1.568E-1
-1.568E-1
-1.568E-1
-1.568E-1
-1.568E-1
-1.568E-1
-1.568E-1
-1.568E-1
-1.568E-1
-1.568E-1
-1.568E-1
-1.568E-1
-1.568E-1
-1.568E-1
-1.568E-1
-1.568E-1
-1.568E-1
-1.568E-1
-1.568E-1
-1.568E-1
-1.568E-1
-1.568E-1
-1.568E-1
-1.568E-1
-1.568E-1
-1.568E-1
-1.568E-1
-1.568E-1
-1.568E-1
-1.568E-1
-1.568E-1
-1.568E-1
-1.568E-1
-1.568E-1
-1.568E-1
-1.568E-1
-1.568E-1
-1.568E-1
-1.568E-1
-1.568E-1
-1.568E-1
-1.568E-1
-1.568E-1
-1.568E-1
-1.568E-1
-1.568E-1
-1.568E-1
-1.568E-1
-1.568E-1
-1.568E-1
-1.568E-1
-1.568E-1
-1.568E-1
-1.568E-1
-1.568E-1
-1.568E-1
-1.568E-1
-1.568E-1
-1.568E-1
-1.568E-1
-1.568E-1
-1.568E-1
-1.568E-1
-1.568E-1
-1.568E-1
-1.568E-1
-1.568E-1
-1.568E-1
-1.568E-1
-1.568E-1
-1.568E-1
-1.568E-1
-1.568E-1
-1.568E-1
-1.568E-1
-1.568E-1
-1.568E-1
-1.568E-1
-1.568E-1
-1.568E-1
-1.568E-1
-1.568E-1
-1.568E-1
-1.568E-1
-1.568E-1
-1.568E-1
-1.568E-1
-1.568E-1
-1.568E-1
-1.568E-1
-1.568E-1
-1.568E-1
-1.568E-1
-1.568E-1
-1.568E-1
-1.568E-1
-1.568E-1
-1.568E-1
-1.568E-1
-1.568E-1
-1.568E-1
-1.568E-1
-1.568E-1
-1.568E-1
-1.568E-1
-1.568E-1
-1.568E-1
-1.568E-1
-1.568E-1
-1.568E-1
-1.568E-1
-1.568E-1
-1.568E-1
-1.568E-1
-1.568E-1
-1.568E-1
-1.568E-1
-1.568E-1
-1.568E-1
-1.568E-1
-1.568E-1
-1.568E-1
-1.568E-1
-1.568E-1
-1.568E-1
-1.568E-1
-1.568E-1
-1.568E-1
-1.568E-1
-1.568E-1
-1.568E-1
-1.568E-1
-1.568E-1
-1.568E-1
-1.568E-1
-1.568E-1
-1.568E-1
-1.568E-1
-1.568E-1
-1.568E-1
-1.568E-1
-1.568E-1
-1.568E-1
-1.568E-1
-1.568E-1
-1.568E-1
-1.568E-1
-1.568E-1
-1.568E-1
-1.568E-1
-1.568E-1
-1.568E-1
-1.568E-1
-1.568E-1
-1.568E-1
-1.568E-1
-1.568E-1
-1.568E-1
-1.568E-1
-1.568E-1
-1.568E-1
-1.568E-1
-1.568E-1
-1.568E-1
-1.568E-1
-1.568E-1
-1.568E-1
-1.568E-1
-1.568E-1
-1.568E-1
-1.568E-1
-1.568E-1
-1.568E-1
-1.568E-1
-1.568E-1
-1.568E-1
-1.568E-1
-1.568E-1
-1.568E-1
-1.568E-1
-1.568E-1
-1.568E-1
-1.568E-1
-1.568E-1
-1.568E-1
-1.568E-1
-1.568E-1
-1.568E-1
-1.568E-1
-1.568E-1
-1.568E-1
-1.568E-1
-1.568E-1
-1.568E-1
-1.568E-1
-1.568E-1
-1.568E-1
-1.568E-1
-1.568E-1
-1.568E-1
-1.568E-1
-1.568E-1
-1.568E-1
-1.568E-1
-1.568E-1
-1.568E-1
-1.568E-1
-1.568E-1
-1.568E-1
-1.568E-1
-1.568E-1
-1.568E-1
-1.568E-1
-1.568E-1
-1.568E-1
-1.568E-1
-1.568E-1
-1.568E-1
-1.568E-1
-1.568E-1
-1.568E-1
-1.568E-1
-1.568E-1
-1.568E-1
-1.568E-1
-1.568E-1
-1.568E-1
-1.568E-1
-1.568E-1
-1.568E-1
-1.568E-1
-1.568E-1
-1.568E-1
-1.568E-1
-1.568E-1
-1.568E-1
-1.568E-1
-1.568E-1
-1.568E-1
-1.568E-1
-1.568E-1
-1.568E-1
-1.568E-1
-1.568E-1
-1.568E-1
-1.568E-1
-1.568E-1
-1.568E-1
-1.568E-1
-1.568E-1
-1.568E-1
-1.568E-1
-1.568E-1
-1.568E-1
-1.568E-1
-1.568E-1
-1.568E-1
-1.568E-1
-1.568E-1
-1.568E-1
-1.568E-1
-1.568E-1
-1.568E-1
-1.568E-1
-1.568E-1
-1.568E-1
-1.568E-1
-1.568E-1
-1.568E-1
-1.568E-1
-1.568E-1
-1.568E-1
-1.568E-1
-1.568E-1
-1.568E-1
-1.568E-1
-1.568E-1
-1.568E-1
-1.568E-1
-1.568E-1
-1.568E-1
-1.568E-1
-1.568E-1
-1.568E-1
-1.568E-1
-1.568E-1
-1.568E-1
-1.568E-1
-1.568E-1
-1.568E-1
-1.568E-1
-1.568E-1
-1.568E-1
-1.568E-1
-1.568E-1
-1.568E-1
-1.568E-1
-1.568E-1
-1.568E-1
-1.568E-1
-1.568E-1
-1.568E-1
-1.568E-1
-1.568E-1
-1.568E-1
-1.568E-1
-1.568E-1
-1.568E-1
-1.568E-1
-1.568E-1
-1.568E-1
-1.568E-1
-1.568E-1
-1.568E-1
-1.568E-1
-1.568E-1
-1.568E-1
-1.568E-1
-1.568E-1
-1.568E-1
-1.568E-1
-1.568E-1
-1.568E-1
-1.568E-1
-1.568E-1
-1.568E-1
-1.568E-1
-1.568E-1
-1.568E-1
-1.568E-1
-1.568E-1
-1.568E-1
-1.568E-1
-1.568E-1
-1.568E-1
-1.568E-1
-1.568E-1
-1.568E-1
-1.568E-1
-1.568E-1
-1.568E-1
-1.568E-1
-1.568E-1
-1.568E-1
-1.568E-1
-1.568E-1
-1.568E-1
-1.568E-1
-1.568E-1
-1.568E-1
-1.568E-1
-1.568E-1
-1.568E-1
-1.568E-1
-1.568E-1
-1.568E-1
-1.568E-1
-1.568E-1
-1.568E-1
-1.568E-1
-1.568E-1
-1.568E-1
-1.568E-1
-1.568E-1
-1.568E-1
-1.568E-1
-1.568E-1
-1.568E-1
-1.568E-1
-1.568E-1
-1.568E-1
-1.568E-1
-1.568E-1
-1.568E-1
-1.568E-1
-1.568E-1
-1.568E-1
-1.568E-1
-1.568E-1
-1.568E-1
-1.568E-1
-1.568E-1
-1.568E-1
-1.568E-1
-1.568E-1
-1.568E-1
-1.568E-1
-1.568E-1
-1.568E-1
-1.568E-1
-1.568E-1
-1.568E-1
-1.568E-1
-1.568E-1
-1.568E-1
-1.568E-1
-1.568E-1
-1.568E-1
-1.568E-1
-1.568E-1
-1.568E-1
-1.568E-1
-1.568E-1
-1.568E-1
-1.568E-1
-1.568E-1
-1.568E-1
-1.568E-1
-1.568E-1
-1.568E-1
-1.568E-1
-1.568E-1
-1.568E-1
-1.568E-1
-1.568E-1
-1.568E-1
-1.568E-1
-1.568E-1
-1.568E-1
-1.568E-1
-1.568E-1
-1.568E-1
-1.568E-1
-1.568E-1
-1.568E-1
-1.568E-1
-1.568E-1
-1.568E-1
-1.568E-1
-1.568E-1
-1.568E-1
-1.568E-1
-1.568E-1
-1.568E-1
-1.568E-1
-1.568E-1
-1.568E-1
-1.568E-1
-1.568E-1
-1.568E-1
-1.568E-1
-1.568E-1
-1.568E-1
-1.568E-1
-1.568E-1
-1.568E-1
-1.568E-1
-1.568E-1
-1.568E-1
-1.568E-1
-1.568E-1
-1.568E-1
-1.568E-1
-1.568E-1
-1.568E-1
-1.568E-1
-1.568E-1
-1.568E-1
-1.568E-1
-1.568E-1
-1.568E-1
-1.568E-1
-1.568E-1
-1.568E-1
-1.568E-1
-1.568E-1
-1.568E-1
-1.568E-1
-1.568E-1
-1.568E-1
-1.568E-1
-1.568E-1
-1.568E-1
-1.568E-1
-1.568E-1
-1.568E-1
-1.568E-1
-1.568E-1
-1.351E-1
-1.351E-1
-1.133E-1
-1.133E-1
-9.163E-2
-6.992E-2
-4.821E-2
-2.650E-2
-4.789E-3
1.692E-2
3.863E-2
6.034E-2
8.205E-2
8.205E-2
1.038E-1
1.255E-1
1.255E-1
1.472E-1
1.472E-1
1.689E-1
1.906E-1
2.123E-1
2.340E-1
2.340E-1
2.557E-1
2.775E-1
2.775E-1
2.992E-1
3.209E-1
3.426E-1
3.643E-1
3.860E-1
4.077E-1
4.077E-1
4.294E-1
4.511E-1
4.511E-1
4.729E-1
4.729E-1
4.946E-1
5.163E-1
5.380E-1
5.597E-1
5.597E-1
5.814E-1
6.031E-1
6.031E-1
6.248E-1
6.465E-1
6.682E-1
6.900E-1
6.900E-1
6.900E-1
6.900E-1
7.117E-1
7.334E-1
7.551E-1
7.768E-1
7.985E-1
8.202E-1
8.419E-1
8.419E-1
8.636E-1
8.636E-1
8.854E-1
9.071E-1
9.071E-1
9.288E-1
9.288E-1
9.505E-1
9.722E-1
9.722E-1
9.939E-1
9.939E-1
1.016E+0
1.037E+0
1.037E+0
1.059E+0
1.059E+0
1.081E+0
1.102E+0
1.102E+0
1.124E+0
1.124E+0
1.146E+0
1.168E+0
1.168E+0
1.189E+0
1.189E+0
1.211E+0
1.233E+0
1.233E+0
1.254E+0
1.254E+0
1.276E+0
1.276E+0
1.276E+0
1.298E+0
1.298E+0
1.320E+0
1.341E+0
1.341E+0
1.363E+0
1.363E+0
1.385E+0
1.385E+0
1.385E+0
1.406E+0
1.406E+0
1.406E+0
1.428E+0
1.428E+0
1.450E+0
1.450E+0
1.472E+0
1.472E+0
1.472E+0
1.493E+0
1.493E+0
1.493E+0
1.515E+0
1.515E+0
1.515E+0
1.515E+0
1.537E+0
1.558E+0
1.558E+0
1.580E+0
1.580E+0
1.580E+0
1.602E+0
1.602E+0
1.602E+0
1.602E+0
1.602E+0
1.602E+0
1.602E+0
1.624E+0
1.624E+0
1.624E+0
1.645E+0
1.645E+0
1.645E+0
1.645E+0
1.667E+0
1.667E+0
1.667E+0
1.667E+0
1.667E+0
1.667E+0
1.689E+0
1.689E+0
1.689E+0
1.689E+0
1.710E+0
1.710E+0
1.710E+0
1.710E+0
1.710E+0
1.710E+0
1.710E+0
1.710E+0
1.710E+0
1.710E+0
1.710E+0
1.710E+0
1.710E+0
1.710E+0
1.710E+0
1.710E+0
1.710E+0
1.710E+0
1.710E+0
1.710E+0
1.710E+0
1.710E+0
1.710E+0
1.710E+0
1.710E+0
1.710E+0
1.710E+0
1.710E+0
1.710E+0
1.710E+0
1.710E+0
1.710E+0
1.710E+0
1.710E+0
1.689E+0
1.689E+0
1.689E+0
1.667E+0
1.667E+0
1.667E+0
1.667E+0
1.645E+0
1.645E+0
1.645E+0
1.645E+0
1.645E+0
1.645E+0
1.624E+0
1.602E+0
1.602E+0
1.602E+0
1.602E+0
1.602E+0
1.602E+0
1.580E+0
1.580E+0
1.580E+0
1.558E+0
1.558E+0
1.558E+0
1.558E+0
1.515E+0
1.515E+0
1.515E+0
1.515E+0
1.515E+0
1.515E+0
1.493E+0
1.472E+0
1.472E+0
1.472E+0
1.450E+0
1.450E+0
1.450E+0
1.428E+0
1.406E+0
1.406E+0
1.385E+0
1.385E+0
1.385E+0
1.385E+0
1.341E+0
1.320E+0
1.320E+0
1.298E+0
1.298E+0
1.298E+0
1.276E+0
1.254E+0
1.254E+0
1.254E+0
1.211E+0
1.211E+0
1.211E+0
1.189E+0
1.168E+0
1.168E+0
1.146E+0
1.124E+0
1.124E+0
1.124E+0
1.081E+0
1.081E+0
1.081E+0
1.059E+0
1.037E+0
1.037E+0
1.016E+0
9.939E-1
9.939E-1
9.939E-1
9.505E-1
9.505E-1
9.505E-1
9.288E-1
9.071E-1
9.071E-1
8.636E-1
8.419E-1
8.419E-1
8.419E-1
7.985E-1
7.985E-1
7.985E-1
7.768E-1
7.551E-1
7.551E-1
7.334E-1
7.117E-1
7.117E-1
7.117E-1
6.682E-1
6.465E-1
6.465E-1
6.248E-1
6.031E-1
6.031E-1
5.597E-1
5.380E-1
5.380E-1
5.380E-1
4.946E-1
4.946E-1
4.946E-1
4.511E-1
4.294E-1
4.294E-1
3.860E-1
3.643E-1
3.643E-1
3.643E-1
3.209E-1
3.209E-1
3.209E-1
2.992E-1
2.775E-1
2.775E-1
2.340E-1
2.123E-1
2.123E-1
2.123E-1
1.689E-1
1.472E-1
1.472E-1
1.255E-1
1.038E-1
1.038E-1
6.034E-2
3.863E-2
3.863E-2
3.863E-2
-4.789E-3
-2.650E-2
-2.650E-2
-6.992E-2
-9.163E-2
-9.163E-2
-1.133E-1
-1.351E-1
-1.351E-1
-1.351E-1
-1.785E-1
-2.002E-1
-2.002E-1
-2.219E-1
-2.436E-1
-2.436E-1
-2.870E-1
-3.087E-1
-3.087E-1
-3.087E-1
-3.522E-1
-3.739E-1
-3.739E-1
-4.173E-1
-4.390E-1
-4.390E-1
-4.824E-1
-5.041E-1
-5.041E-1
-5.041E-1
-5.476E-1
-5.476E-1
-5.476E-1
-5.910E-1
-6.127E-1
-6.127E-1
-6.344E-1
-6.561E-1
-6.561E-1
-6.561E-1
-6.995E-1
-7.212E-1
-7.212E-1
-7.430E-1
-7.647E-1
-7.647E-1
-8.081E-1
-8.298E-1
-8.298E-1
-8.298E-1
-8.515E-1
-8.515E-1
-8.515E-1
-8.949E-1
-9.384E-1
-9.384E-1
-9.601E-1
-9.818E-1
-9.818E-1
-9.818E-1
-1.025E+0
-1.047E+0
-1.047E+0
-1.069E+0
-1.090E+0
-1.090E+0
-1.112E+0
-1.134E+0
-1.134E+0
-1.134E+0
-1.177E+0
-1.199E+0
-1.199E+0
-1.221E+0
-1.242E+0
-1.242E+0
-1.264E+0
-1.286E+0
-1.286E+0
-1.286E+0
-1.329E+0
-1.329E+0
-1.329E+0
-1.373E+0
-1.394E+0
-1.394E+0
-1.416E+0
-1.416E+0
-1.416E+0
-1.416E+0
-1.459E+0
-1.459E+0
-1.459E+0
-1.481E+0
-1.503E+0
-1.503E+0
-1.525E+0
-1.525E+0
-1.525E+0
-1.525E+0
-1.568E+0
-1.568E+0
-1.568E+0
-1.590E+0
-1.590E+0
-1.590E+0
-1.611E+0
-1.633E+0
-1.633E+0
-1.633E+0
-1.677E+0
-1.677E+0
-1.677E+0
-1.698E+0
-1.720E+0
-1.720E+0
-1.742E+0
-1.742E+0
-1.742E+0
-1.742E+0
-1.763E+0
-1.763E+0
-1.763E+0
-1.785E+0
-1.785E+0
-1.785E+0
-1.807E+0
-1.807E+0
-1.807E+0
-1.807E+0
-1.850E+0
-1.850E+0
-1.850E+0
-1.872E+0
-1.872E+0
-1.872E+0
-1.894E+0
-1.894E+0
-1.894E+0
-1.894E+0
-1.915E+0
-1.915E+0
-1.915E+0
-1.915E+0
-1.915E+0
-1.915E+0
-1.937E+0
-1.937E+0
-1.937E+0
-1.937E+0
-1.959E+0
-1.959E+0
-1.959E+0
-1.980E+0
-1.980E+0
-1.980E+0
-1.980E+0
-1.980E+0
-1.980E+0
-1.980E+0
-1.980E+0
-1.980E+0
-1.980E+0
-1.980E+0
-1.980E+0
-1.980E+0
-2.002E+0
-2.002E+0
-2.002E+0
-2.002E+0
-2.002E+0
-2.002E+0
-2.002E+0
-2.002E+0
-2.002E+0
-2.002E+0
-2.002E+0
-2.002E+0
-2.002E+0
-2.002E+0
-2.002E+0
-2.002E+0
-2.002E+0
-2.002E+0
-2.002E+0
-2.002E+0
-2.002E+0
-2.002E+0
-2.002E+0
-2.002E+0
-2.002E+0
-2.002E+0
-1.980E+0
-1.980E+0
-1.980E+0
-1.980E+0
-1.980E+0
-1.980E+0
-1.980E+0
-1.980E+0
-1.980E+0
-1.980E+0
-1.959E+0
-1.959E+0
-1.959E+0
-1.937E+0
-1.937E+0
-1.937E+0
-1.937E+0
-1.937E+0
-1.937E+0
-1.937E+0
-1.915E+0
-1.915E+0
-1.915E+0
-1.894E+0
-1.894E+0
-1.894E+0
-1.894E+0
-1.872E+0
-1.872E+0
-1.872E+0
-1.850E+0
-1.850E+0
-1.829E+0
-1.807E+0
-1.807E+0
-1.807E+0
-1.807E+0
-1.785E+0
-1.763E+0
-1.763E+0
-1.742E+0
-1.742E+0
-1.742E+0
-1.720E+0
-1.720E+0
-1.720E+0
-1.720E+0
-1.698E+0
-1.698E+0
-1.698E+0
-1.677E+0
-1.677E+0
-1.677E+0
-1.655E+0
-1.633E+0
-1.611E+0
-1.611E+0
-1.590E+0
-1.590E+0
-1.590E+0
-1.568E+0
-1.568E+0
-1.546E+0
-1.525E+0
-1.525E+0
-1.525E+0
-1.525E+0
-1.503E+0
-1.481E+0
-1.459E+0
-1.438E+0
-1.438E+0
-1.416E+0
-1.394E+0
-1.394E+0
-1.373E+0
-1.373E+0
-1.351E+0
-1.329E+0
-1.329E+0
-1.307E+0
-1.307E+0
-1.286E+0
-1.264E+0
-1.264E+0
-1.242E+0
-1.242E+0
-1.221E+0
-1.199E+0
-1.177E+0
-1.155E+0
-1.155E+0
-1.134E+0
-1.112E+0
-1.112E+0
-1.090E+0
-1.090E+0
-1.069E+0
-1.047E+0
-1.047E+0
-1.025E+0
-1.003E+0
-9.818E-1
-9.601E-1
-9.601E-1
-9.384E-1
-9.384E-1
-9.166E-1
-8.949E-1
-8.732E-1
-8.515E-1
-8.298E-1
-8.081E-1
-7.864E-1
-7.864E-1
-7.647E-1
-7.647E-1
-7.430E-1
-7.212E-1
-6.995E-1
-6.778E-1
-6.561E-1
-6.344E-1
-6.127E-1
-6.127E-1
-5.910E-1
-5.910E-1
-5.693E-1
-5.476E-1
-5.476E-1
-5.259E-1
-5.041E-1
-4.824E-1
-4.607E-1
-4.390E-1
-4.173E-1
-4.173E-1
-3.956E-1
-3.739E-1
-3.739E-1
-3.522E-1
-3.305E-1
-3.087E-1
-2.870E-1
-2.870E-1
-2.653E-1
-2.653E-1
-2.436E-1
-2.436E-1
-2.436E-1
-2.219E-1
-2.219E-1
-2.219E-1
-2.002E-1
-2.002E-1
-2.002E-1
-2.002E-1
-2.002E-1
-2.002E-1
-2.002E-1
-2.002E-1
-2.002E-1
-2.002E-1
-1.785E-1
-1.785E-1
-1.785E-1
-1.785E-1
-1.785E-1
-1.785E-1
-1.785E-1
-1.568E-1
-1.568E-1
-1.568E-1
-1.568E-1
-1.568E-1
-1.568E-1
-1.568E-1
-1.568E-1
-1.568E-1
-1.568E-1
-1.568E-1
-1.568E-1
-1.568E-1
-1.568E-1
-1.568E-1
-1.568E-1
-1.568E-1
-1.568E-1
-1.568E-1
-1.568E-1
-1.568E-1
-1.568E-1
-1.568E-1
-1.568E-1
-1.568E-1
-1.568E-1
-1.568E-1
-1.568E-1
-1.568E-1
-1.568E-1
-1.568E-1
-1.568E-1
-1.568E-1
-1.568E-1
-1.568E-1
-1.568E-1
-1.568E-1
-1.568E-1
-1.568E-1
-1.568E-1
-1.568E-1
-1.568E-1
-1.568E-1
-1.568E-1
-1.568E-1
-1.568E-1
-1.568E-1
-1.568E-1
-1.568E-1
-1.568E-1
-1.568E-1
-1.568E-1
-1.568E-1
-1.568E-1
-1.568E-1
-1.568E-1
-1.568E-1
-1.568E-1
-1.568E-1
-1.568E-1
-1.568E-1
-1.568E-1
-1.568E-1
-1.568E-1
-1.568E-1
-1.568E-1
-1.568E-1
-1.568E-1
-1.568E-1
-1.568E-1
-1.568E-1
-1.568E-1
-1.568E-1
-1.568E-1
-1.568E-1
-1.568E-1
-1.568E-1
-1.568E-1
-1.568E-1
-1.568E-1
-1.568E-1
-1.568E-1
-1.568E-1
-1.568E-1
-1.568E-1
-1.568E-1
-1.568E-1
-1.568E-1
-1.568E-1
-1.568E-1
-1.568E-1
-1.568E-1
-1.568E-1
-1.568E-1
-1.568E-1
-1.568E-1
-1.568E-1
-1.568E-1
-1.568E-1
-1.568E-1
-1.568E-1
-1.568E-1
-1.568E-1
-1.568E-1
-1.568E-1
-1.568E-1
-1.568E-1
-1.568E-1
-1.568E-1
-1.568E-1
-1.568E-1
-1.568E-1
-1.568E-1
-1.568E-1
-1.568E-1
-1.568E-1
-1.568E-1
-1.568E-1
-1.568E-1
-1.568E-1
-1.568E-1
-1.568E-1
-1.568E-1
-1.568E-1
-1.568E-1
-1.568E-1
-1.568E-1
-1.568E-1
-1.568E-1
-1.568E-1
-1.568E-1
-1.568E-1
-1.568E-1
-1.568E-1
-1.568E-1
-1.568E-1
-1.568E-1
-1.568E-1
-1.568E-1
-1.568E-1
-1.568E-1
-1.568E-1
-1.568E-1
-1.568E-1
-1.568E-1
-1.568E-1
-1.568E-1
-1.568E-1
-1.568E-1
-1.568E-1
-1.568E-1
-1.568E-1
-1.568E-1
-1.568E-1
-1.568E-1
-1.568E-1
-1.568E-1
-1.568E-1
-1.568E-1
-1.568E-1
-1.568E-1
-1.568E-1
-1.568E-1
-1.568E-1
-1.568E-1
-1.568E-1
-1.568E-1
-1.568E-1
-1.568E-1
-1.568E-1
-1.568E-1
-1.568E-1
-1.568E-1
-1.568E-1
-1.568E-1
-1.568E-1
-1.568E-1
-1.568E-1
-1.568E-1
-1.568E-1
-1.568E-1
-1.568E-1
-1.568E-1
-1.568E-1
-1.568E-1
-1.568E-1
-1.568E-1
-1.568E-1
-1.568E-1
-1.568E-1
-1.568E-1
-1.568E-1
-1.568E-1
-1.568E-1
-1.568E-1
-1.568E-1
-1.568E-1
-1.568E-1
-1.568E-1
-1.568E-1
-1.568E-1
-1.568E-1
-1.568E-1
-1.568E-1
-1.568E-1
-1.568E-1
-1.568E-1
-1.568E-1
-1.568E-1
-1.568E-1
-1.568E-1
-1.568E-1
-1.568E-1
-1.568E-1
-1.568E-1
-1.568E-1
-1.568E-1
-1.568E-1
-1.568E-1
-1.568E-1
-1.568E-1
-1.568E-1
-1.568E-1
-1.568E-1
-1.568E-1
-1.568E-1
-1.568E-1
-1.568E-1
-1.568E-1
-1.568E-1
-1.568E-1
-1.568E-1
-1.568E-1
-1.568E-1
-1.568E-1
-1.568E-1
-1.568E-1
-1.568E-1
-1.568E-1
-1.568E-1
-1.568E-1
-1.568E-1
-1.568E-1
-1.568E-1
-1.568E-1
-1.568E-1
-1.568E-1
-1.568E-1
-1.568E-1
-1.568E-1
-1.568E-1
-1.568E-1
-1.568E-1
-1.568E-1
-1.568E-1
-1.568E-1
-1.568E-1
-1.568E-1
-1.568E-1
-1.568E-1
-1.568E-1
-1.568E-1
-1.568E-1
-1.568E-1
-1.568E-1
-1.568E-1
-1.568E-1
-1.568E-1
-1.568E-1
-1.568E-1
-1.568E-1
-1.568E-1
-1.568E-1
-1.568E-1
-1.568E-1
-1.568E-1
-1.568E-1
-1.568E-1
-1.568E-1
-1.568E-1
-1.568E-1
-1.568E-1
-1.568E-1
-1.568E-1
-1.568E-1
-1.568E-1
-1.568E-1
-1.568E-1
-1.568E-1
-1.568E-1
-1.568E-1
-1.568E-1
-1.568E-1
-1.568E-1
-1.568E-1
-1.568E-1
-1.568E-1
-1.568E-1
-1.568E-1
-1.568E-1
-1.568E-1
-1.568E-1
-1.568E-1
-1.568E-1
-1.568E-1
-1.568E-1
-1.568E-1
-1.568E-1
-1.568E-1
-1.568E-1
-1.568E-1
-1.568E-1
-1.568E-1
-1.568E-1
-1.568E-1
-1.568E-1
-1.568E-1
-1.568E-1
-1.568E-1
-1.568E-1
-1.568E-1
-1.568E-1
-1.568E-1
-1.568E-1
-1.568E-1
-1.568E-1
-1.568E-1
-1.568E-1
-1.568E-1
-1.568E-1
-1.568E-1
-1.568E-1
-1.568E-1
-1.568E-1
-1.568E-1
-1.568E-1
-1.568E-1
-1.568E-1
-1.568E-1
-1.568E-1
-1.568E-1
-1.568E-1
-1.568E-1
-1.568E-1
-1.568E-1
