1.500E-9
-1.500E-6
-2.670E-2
-2.670E-2
-2.670E-2
-2.670E-2
-2.670E-2
-2.670E-2
-2.670E-2
-2.670E-2
-2.670E-2
-2.670E-2
-2.670E-2
-2.670E-2
-2.670E-2
-2.670E-2
-2.670E-2
-2.670E-2
-2.670E-2
-2.670E-2
-2.670E-2
-2.670E-2
-2.670E-2
-2.670E-2
-2.670E-2
-2.670E-2
-2.670E-2
-2.670E-2
-2.670E-2
-2.670E-2
-2.670E-2
-2.670E-2
-2.670E-2
-2.670E-2
-2.670E-2
-2.670E-2
-2.670E-2
-2.670E-2
-2.670E-2
-2.670E-2
-2.670E-2
-2.670E-2
-2.670E-2
-2.670E-2
-2.670E-2
-2.670E-2
-2.670E-2
-2.670E-2
-2.670E-2
-2.670E-2
-2.670E-2
-2.670E-2
-2.670E-2
-2.670E-2
-2.670E-2
-2.670E-2
-2.670E-2
-2.670E-2
-2.670E-2
-2.670E-2
-2.670E-2
-2.670E-2
-2.670E-2
-2.670E-2
-2.670E-2
-2.670E-2
-2.670E-2
-2.670E-2
-2.670E-2
-2.670E-2
-2.670E-2
-2.670E-2
-2.670E-2
-2.670E-2
-2.670E-2
-2.670E-2
-2.670E-2
-2.670E-2
-2.670E-2
-2.670E-2
-2.670E-2
-2.670E-2
-2.670E-2
-2.670E-2
-2.670E-2
-2.670E-2
-2.670E-2
-2.670E-2
-2.670E-2
-2.670E-2
-2.670E-2
-2.670E-2
-2.670E-2
-2.670E-2
-2.670E-2
-2.670E-2
-2.670E-2
-2.670E-2
-2.670E-2
-2.670E-2
-2.670E-2
-2.670E-2
-2.670E-2
-2.670E-2
-2.670E-2
-2.670E-2
-2.670E-2
-2.670E-2
-2.670E-2
-2.670E-2
-2.670E-2
-2.670E-2
-2.670E-2
-2.670E-2
-2.670E-2
-2.670E-2
-1.572E-2
-2.670E-2
-2.670E-2
-2.670E-2
-2.670E-2
-2.670E-2
-2.670E-2
-2.670E-2
-2.670E-2
-2.670E-2
-2.670E-2
-2.670E-2
-2.670E-2
-2.670E-2
-2.670E-2
-2.670E-2
-2.670E-2
-2.670E-2
-2.670E-2
-2.670E-2
-2.670E-2
-2.670E-2
-2.670E-2
-2.670E-2
-2.670E-2
-2.670E-2
-2.670E-2
-2.670E-2
-2.670E-2
-2.670E-2
-2.670E-2
-2.670E-2
-2.670E-2
-2.670E-2
-2.670E-2
-2.670E-2
-2.670E-2
-2.670E-2
-2.670E-2
-2.670E-2
-2.670E-2
-2.670E-2
-2.670E-2
-2.670E-2
-2.670E-2
-2.670E-2
-2.670E-2
-2.670E-2
-2.670E-2
-2.670E-2
-2.670E-2
-2.670E-2
-2.670E-2
-2.670E-2
-2.670E-2
-2.670E-2
-2.670E-2
-2.670E-2
-2.670E-2
-2.670E-2
-2.670E-2
-2.670E-2
-2.670E-2
-2.670E-2
-2.670E-2
-2.670E-2
-2.670E-2
-2.670E-2
-2.670E-2
-2.670E-2
-2.670E-2
-2.670E-2
-2.670E-2
-2.670E-2
-2.670E-2
-2.670E-2
-2.670E-2
-2.670E-2
-2.670E-2
-2.670E-2
-2.670E-2
-2.670E-2
-2.670E-2
-2.670E-2
-2.670E-2
-2.670E-2
-2.670E-2
-2.670E-2
-2.670E-2
-2.670E-2
-2.670E-2
-2.670E-2
-2.670E-2
-2.670E-2
-2.670E-2
-2.670E-2
-2.670E-2
-2.670E-2
-2.670E-2
-2.670E-2
-2.670E-2
-2.670E-2
-2.670E-2
-2.670E-2
-2.670E-2
-2.670E-2
-2.670E-2
-2.670E-2
-2.670E-2
-2.670E-2
-2.670E-2
-2.670E-2
-2.670E-2
-2.670E-2
-2.670E-2
-2.670E-2
-2.670E-2
-2.670E-2
-2.670E-2
-2.670E-2
-2.670E-2
-2.670E-2
-2.670E-2
-2.670E-2
-2.670E-2
-2.670E-2
-2.670E-2
-2.670E-2
-2.670E-2
-2.670E-2
-2.670E-2
-2.670E-2
-2.670E-2
-2.670E-2
-2.670E-2
-2.670E-2
-2.670E-2
-2.670E-2
-2.670E-2
-2.670E-2
-2.670E-2
-2.670E-2
-2.670E-2
-2.670E-2
-2.670E-2
-2.670E-2
-2.670E-2
-2.670E-2
-2.670E-2
-2.670E-2
-2.670E-2
-2.670E-2
-2.670E-2
-2.670E-2
-2.670E-2
-2.670E-2
-2.670E-2
-2.670E-2
-2.670E-2
-2.670E-2
-2.670E-2
-2.670E-2
-2.670E-2
-2.670E-2
-2.670E-2
-2.670E-2
-2.670E-2
-2.670E-2
-2.670E-2
-2.670E-2
-2.670E-2
-2.670E-2
-2.670E-2
-2.670E-2
-2.670E-2
-2.670E-2
-2.670E-2
-2.670E-2
-2.670E-2
-2.670E-2
-2.670E-2
-2.670E-2
-2.670E-2
-2.670E-2
-2.670E-2
-2.670E-2
-2.670E-2
-2.670E-2
-2.670E-2
-2.670E-2
-2.670E-2
-2.670E-2
-2.670E-2
-2.670E-2
-2.670E-2
-2.670E-2
-2.670E-2
-2.670E-2
-2.670E-2
-2.670E-2
-2.670E-2
-2.670E-2
-2.670E-2
-2.670E-2
-2.670E-2
-2.670E-2
-2.670E-2
-2.670E-2
-2.670E-2
-2.670E-2
-2.670E-2
-2.670E-2
-2.670E-2
-2.670E-2
-2.670E-2
-2.670E-2
-2.670E-2
-2.670E-2
-2.670E-2
-2.670E-2
-2.670E-2
-2.670E-2
-2.670E-2
-2.670E-2
-2.670E-2
-2.670E-2
-2.670E-2
-2.670E-2
-2.670E-2
-2.670E-2
-2.670E-2
-2.670E-2
-2.670E-2
-2.670E-2
-2.670E-2
-2.670E-2
-2.670E-2
-2.670E-2
-2.670E-2
-2.670E-2
-2.670E-2
-2.670E-2
-2.670E-2
-2.670E-2
-2.670E-2
-2.670E-2
-2.670E-2
-2.670E-2
-2.670E-2
-2.670E-2
-2.670E-2
-2.670E-2
-2.670E-2
-2.670E-2
-2.670E-2
-2.670E-2
-2.670E-2
-2.670E-2
-2.670E-2
-2.670E-2
-2.670E-2
-2.670E-2
-2.670E-2
-2.670E-2
-2.670E-2
-2.670E-2
-2.670E-2
-2.670E-2
-2.670E-2
-2.670E-2
-2.670E-2
-2.670E-2
-2.670E-2
-2.670E-2
-2.670E-2
-2.670E-2
-2.670E-2
-2.670E-2
-2.670E-2
-2.670E-2
-2.670E-2
-2.670E-2
-2.670E-2
-2.670E-2
-2.670E-2
-2.670E-2
-2.670E-2
-2.670E-2
-2.670E-2
-2.670E-2
-2.670E-2
-2.670E-2
-2.670E-2
-1.572E-2
-1.572E-2
-1.572E-2
-1.572E-2
-1.572E-2
-1.572E-2
-1.572E-2
-1.572E-2
-2.670E-2
-2.670E-2
-2.670E-2
-2.670E-2
-2.670E-2
-2.670E-2
-2.670E-2
-2.670E-2
-2.670E-2
-2.670E-2
-2.670E-2
-2.670E-2
-2.670E-2
-2.670E-2
-2.670E-2
-2.670E-2
-2.670E-2
-2.670E-2
-2.670E-2
-2.670E-2
-2.670E-2
-2.670E-2
-2.670E-2
-2.670E-2
-2.670E-2
-2.670E-2
-2.670E-2
-2.670E-2
-2.670E-2
-2.670E-2
-2.670E-2
-2.670E-2
-2.670E-2
-2.670E-2
-2.670E-2
-2.670E-2
-2.670E-2
-2.670E-2
-2.670E-2
-2.670E-2
-2.670E-2
-2.670E-2
-2.670E-2
-2.670E-2
-2.670E-2
-2.670E-2
-2.670E-2
-2.670E-2
-2.670E-2
-2.670E-2
-2.670E-2
-2.670E-2
-2.670E-2
-2.670E-2
-2.670E-2
-2.670E-2
-2.670E-2
-2.670E-2
-2.670E-2
-2.670E-2
-2.670E-2
-2.670E-2
-2.670E-2
-2.670E-2
-2.670E-2
-2.670E-2
-2.670E-2
-2.670E-2
-2.670E-2
-2.670E-2
-2.670E-2
-2.670E-2
-2.670E-2
-2.670E-2
-2.670E-2
-2.670E-2
-2.670E-2
-2.670E-2
-2.670E-2
-2.670E-2
-2.670E-2
-2.670E-2
-2.670E-2
-2.670E-2
-2.670E-2
-2.670E-2
-2.670E-2
-2.670E-2
-2.670E-2
-2.670E-2
-2.670E-2
-2.670E-2
-2.670E-2
-2.670E-2
-2.670E-2
-2.670E-2
-2.670E-2
-2.670E-2
-2.670E-2
-2.670E-2
-2.670E-2
-2.670E-2
-2.670E-2
-2.670E-2
-2.670E-2
-2.670E-2
-2.670E-2
-2.670E-2
-2.670E-2
-2.670E-2
-2.670E-2
-2.670E-2
-2.670E-2
-2.670E-2
-2.670E-2
-2.670E-2
-2.670E-2
-2.670E-2
-2.670E-2
-2.670E-2
-2.670E-2
-2.670E-2
-2.670E-2
-2.670E-2
-2.670E-2
-2.670E-2
-2.670E-2
-2.670E-2
-2.670E-2
-2.670E-2
-2.670E-2
-2.670E-2
-2.670E-2
-2.670E-2
-2.670E-2
-2.670E-2
-2.670E-2
-2.670E-2
-2.670E-2
-2.670E-2
-2.670E-2
-2.670E-2
-2.670E-2
-2.670E-2
-2.670E-2
-2.670E-2
-2.670E-2
-2.670E-2
-2.670E-2
-2.670E-2
-2.670E-2
-2.670E-2
-2.670E-2
-2.670E-2
-2.670E-2
-2.670E-2
-2.670E-2
-2.670E-2
-2.670E-2
-2.670E-2
-2.670E-2
-2.670E-2
-2.670E-2
-2.670E-2
-2.670E-2
-2.670E-2
-2.670E-2
-2.670E-2
-2.670E-2
-2.670E-2
-2.670E-2
-2.670E-2
-2.670E-2
-2.670E-2
-2.670E-2
-2.670E-2
-2.670E-2
-2.670E-2
-2.670E-2
-2.670E-2
-2.670E-2
-2.670E-2
-2.670E-2
-2.670E-2
-2.670E-2
-2.670E-2
-2.670E-2
-2.670E-2
-2.670E-2
-2.670E-2
-2.670E-2
-2.670E-2
-2.670E-2
-2.670E-2
-2.670E-2
-2.670E-2
-2.670E-2
-2.670E-2
-2.670E-2
-2.670E-2
-2.670E-2
-2.670E-2
-2.670E-2
-2.670E-2
-2.670E-2
-2.670E-2
-2.670E-2
-2.670E-2
-2.670E-2
-2.670E-2
-2.670E-2
-2.670E-2
-2.670E-2
-2.670E-2
-2.670E-2
-2.670E-2
-1.572E-2
-2.670E-2
-2.670E-2
-2.670E-2
-2.670E-2
-2.670E-2
-2.670E-2
-2.670E-2
-2.670E-2
-2.670E-2
-2.670E-2
-2.670E-2
-2.670E-2
-2.670E-2
-2.670E-2
-2.670E-2
-2.670E-2
-2.670E-2
-2.670E-2
-2.670E-2
-2.670E-2
-2.670E-2
-2.670E-2
-2.670E-2
-2.670E-2
-2.670E-2
-2.670E-2
-2.670E-2
-2.670E-2
-2.670E-2
-2.670E-2
-2.670E-2
-2.670E-2
-2.670E-2
-2.670E-2
-2.670E-2
-2.670E-2
-2.670E-2
-2.670E-2
-2.670E-2
-2.670E-2
-2.670E-2
-2.670E-2
-2.670E-2
-2.670E-2
-2.670E-2
-2.670E-2
-2.670E-2
-2.670E-2
-2.670E-2
-2.670E-2
-2.670E-2
-2.670E-2
-2.670E-2
-2.670E-2
-2.670E-2
-2.670E-2
-2.670E-2
-2.670E-2
-2.670E-2
-2.670E-2
-2.670E-2
-2.670E-2
-2.670E-2
-2.670E-2
-2.670E-2
-2.670E-2
-2.670E-2
-2.670E-2
-2.670E-2
-2.670E-2
-2.670E-2
-2.670E-2
-2.670E-2
-2.670E-2
-2.670E-2
-1.572E-2
-2.670E-2
-2.670E-2
-2.670E-2
-2.670E-2
-2.670E-2
-2.670E-2
-2.670E-2
-2.670E-2
-2.670E-2
-2.670E-2
-2.670E-2
-2.670E-2
-2.670E-2
-2.670E-2
-2.670E-2
-2.670E-2
-1.572E-2
-2.670E-2
-2.670E-2
-2.670E-2
-2.670E-2
-2.670E-2
-2.670E-2
-2.670E-2
-2.670E-2
-2.670E-2
-2.670E-2
-2.670E-2
-2.670E-2
-2.670E-2
-2.670E-2
-2.670E-2
-2.670E-2
-2.670E-2
-2.670E-2
-2.670E-2
-2.670E-2
-2.670E-2
-2.670E-2
-2.670E-2
-2.670E-2
-2.670E-2
-2.670E-2
-2.670E-2
-2.670E-2
-2.670E-2
-2.670E-2
-2.670E-2
-2.670E-2
-2.670E-2
-2.670E-2
-2.670E-2
-2.670E-2
-2.670E-2
-2.670E-2
-2.670E-2
-2.670E-2
-2.670E-2
-2.670E-2
-2.670E-2
-2.670E-2
-2.670E-2
-2.670E-2
-2.670E-2
-2.670E-2
-2.670E-2
-1.572E-2
-2.670E-2
-2.670E-2
-2.670E-2
-2.670E-2
-2.670E-2
-2.670E-2
-2.670E-2
-2.670E-2
-2.670E-2
-2.670E-2
-2.670E-2
-2.670E-2
-2.670E-2
-2.670E-2
-2.670E-2
-2.670E-2
-2.670E-2
-2.670E-2
-2.670E-2
-2.670E-2
-2.670E-2
-2.670E-2
-2.670E-2
-2.670E-2
-2.670E-2
-2.670E-2
-2.670E-2
-2.670E-2
-2.670E-2
-2.670E-2
-2.670E-2
-2.670E-2
-2.670E-2
-2.670E-2
-2.670E-2
-2.670E-2
-2.670E-2
-2.670E-2
-2.670E-2
-2.670E-2
-2.670E-2
-2.670E-2
-2.670E-2
-2.670E-2
-2.670E-2
-2.670E-2
-2.670E-2
-2.670E-2
-2.670E-2
-2.670E-2
-2.670E-2
-2.670E-2
-2.670E-2
-2.670E-2
-2.670E-2
-2.670E-2
-2.670E-2
-2.670E-2
-2.670E-2
-2.670E-2
-2.670E-2
-2.670E-2
-2.670E-2
-2.670E-2
-2.670E-2
-2.670E-2
-1.572E-2
-2.670E-2
-2.670E-2
-2.670E-2
-2.670E-2
-2.670E-2
-2.670E-2
-2.670E-2
-2.670E-2
-2.670E-2
-2.670E-2
-2.670E-2
-2.670E-2
-2.670E-2
-2.670E-2
-2.670E-2
-2.670E-2
-2.670E-2
-2.670E-2
-2.670E-2
-2.670E-2
-2.670E-2
-2.670E-2
-2.670E-2
-2.670E-2
-2.670E-2
-2.670E-2
-2.670E-2
-2.670E-2
-2.670E-2
-2.670E-2
-2.670E-2
-2.670E-2
-2.670E-2
-2.670E-2
-2.670E-2
-2.670E-2
-2.670E-2
-2.670E-2
-2.670E-2
-2.670E-2
-2.670E-2
-2.670E-2
-2.670E-2
-2.670E-2
-2.670E-2
-2.670E-2
-2.670E-2
-2.670E-2
-2.670E-2
-2.670E-2
-2.670E-2
-2.670E-2
-2.670E-2
-2.670E-2
-2.670E-2
-2.670E-2
-2.670E-2
-2.670E-2
-2.670E-2
-2.670E-2
-2.670E-2
-2.670E-2
-2.670E-2
-2.670E-2
-2.670E-2
-2.670E-2
-2.670E-2
-2.670E-2
-2.670E-2
-2.670E-2
-2.670E-2
-2.670E-2
-1.572E-2
-1.572E-2
-1.572E-2
-1.572E-2
-1.572E-2
-1.572E-2
-1.572E-2
-1.572E-2
-1.572E-2
-1.572E-2
-1.572E-2
-1.572E-2
-1.572E-2
-1.572E-2
-2.670E-2
-2.670E-2
-2.670E-2
-2.670E-2
-2.670E-2
-2.670E-2
-2.670E-2
-2.670E-2
-2.670E-2
-2.670E-2
-2.670E-2
-2.670E-2
-2.670E-2
-2.670E-2
-2.670E-2
-2.670E-2
-2.670E-2
-2.670E-2
-2.670E-2
-2.670E-2
-2.670E-2
-1.572E-2
-1.572E-2
-4.731E-3
6.255E-3
1.724E-2
2.823E-2
3.921E-2
5.020E-2
6.119E-2
7.217E-2
8.316E-2
9.415E-2
1.051E-1
1.161E-1
1.271E-1
1.381E-1
1.491E-1
1.601E-1
1.820E-1
1.820E-1
1.930E-1
2.040E-1
2.150E-1
2.370E-1
2.480E-1
2.589E-1
2.699E-1
2.809E-1
3.029E-1
3.139E-1
3.249E-1
3.358E-1
3.468E-1
3.578E-1
3.688E-1
3.798E-1
3.908E-1
4.018E-1
4.237E-1
4.347E-1
4.457E-1
4.567E-1
4.677E-1
4.787E-1
4.787E-1
4.897E-1
5.006E-1
5.116E-1
5.226E-1
5.336E-1
5.446E-1
5.556E-1
5.666E-1
5.775E-1
5.775E-1
5.885E-1
5.995E-1
6.105E-1
6.325E-1
6.325E-1
6.435E-1
6.435E-1
6.544E-1
6.654E-1
6.764E-1
6.874E-1
6.874E-1
6.984E-1
7.094E-1
7.094E-1
7.204E-1
7.314E-1
7.423E-1
7.533E-1
7.533E-1
7.643E-1
7.643E-1
7.643E-1
7.753E-1
7.753E-1
7.863E-1
7.973E-1
8.083E-1
8.083E-1
8.083E-1
8.192E-1
8.192E-1
8.302E-1
8.412E-1
8.412E-1
8.412E-1
8.412E-1
8.522E-1
8.522E-1
8.522E-1
8.632E-1
8.632E-1
8.632E-1
8.742E-1
8.742E-1
8.742E-1
8.742E-1
8.852E-1
8.852E-1
8.852E-1
8.961E-1
8.961E-1
8.961E-1
8.961E-1
8.961E-1
8.961E-1
8.961E-1
9.071E-1
9.071E-1
9.071E-1
9.071E-1
9.071E-1
9.071E-1
9.071E-1
9.071E-1
9.071E-1
9.071E-1
9.071E-1
9.071E-1
9.071E-1
9.071E-1
8.961E-1
8.961E-1
8.961E-1
8.852E-1
8.742E-1
8.742E-1
8.742E-1
8.742E-1
8.742E-1
8.742E-1
8.632E-1
8.632E-1
8.632E-1
8.522E-1
8.522E-1
8.522E-1
8.522E-1
8.302E-1
8.192E-1
8.192E-1
8.083E-1
8.083E-1
8.083E-1
7.973E-1
7.863E-1
7.863E-1
7.863E-1
7.643E-1
7.643E-1
7.643E-1
7.533E-1
7.423E-1
7.423E-1
7.314E-1
7.204E-1
7.094E-1
7.094E-1
6.874E-1
6.764E-1
6.764E-1
6.654E-1
6.544E-1
6.544E-1
6.435E-1
6.325E-1
6.215E-1
6.215E-1
5.995E-1
5.885E-1
5.885E-1
5.775E-1
5.666E-1
5.666E-1
5.446E-1
5.336E-1
5.226E-1
5.226E-1
4.897E-1
4.787E-1
4.787E-1
4.677E-1
4.567E-1
4.567E-1
4.347E-1
4.237E-1
4.127E-1
4.127E-1
3.798E-1
3.688E-1
3.688E-1
3.468E-1
3.358E-1
3.249E-1
3.029E-1
2.919E-1
2.809E-1
2.809E-1
2.589E-1
2.480E-1
2.480E-1
2.260E-1
2.150E-1
2.040E-1
1.820E-1
1.710E-1
1.601E-1
1.601E-1
1.381E-1
1.271E-1
1.271E-1
1.051E-1
9.415E-2
9.415E-2
7.217E-2
5.020E-2
2.823E-2
2.823E-2
6.255E-3
-4.731E-3
-4.731E-3
-2.670E-2
-3.769E-2
-4.868E-2
-7.065E-2
-8.164E-2
-9.262E-2
-9.262E-2
-1.256E-1
-1.366E-1
-1.366E-1
-1.585E-1
-1.695E-1
-1.805E-1
-2.025E-1
-2.135E-1
-2.245E-1
-2.245E-1
-2.574E-1
-2.684E-1
-2.684E-1
-2.904E-1
-3.014E-1
-3.014E-1
-3.233E-1
-3.453E-1
-3.563E-1
-3.563E-1
-3.783E-1
-3.893E-1
-3.893E-1
-4.112E-1
-4.222E-1
-4.222E-1
-4.442E-1
-4.552E-1
-4.662E-1
-4.662E-1
-4.881E-1
-4.991E-1
-4.991E-1
-5.211E-1
-5.321E-1
-5.431E-1
-5.540E-1
-5.650E-1
-5.760E-1
-5.760E-1
-5.980E-1
-5.980E-1
-5.980E-1
-6.200E-1
-6.310E-1
-6.310E-1
-6.529E-1
-6.639E-1
-6.749E-1
-6.749E-1
-6.969E-1
-6.969E-1
-6.969E-1
-7.188E-1
-7.298E-1
-7.298E-1
-7.408E-1
-7.518E-1
-7.518E-1
-7.518E-1
-7.738E-1
-7.738E-1
-7.738E-1
-7.957E-1
-8.067E-1
-8.067E-1
-8.177E-1
-8.287E-1
-8.287E-1
-8.287E-1
-8.397E-1
-8.397E-1
-8.397E-1
-8.507E-1
-8.507E-1
-8.507E-1
-8.617E-1
-8.726E-1
-8.726E-1
-8.726E-1
-8.946E-1
-8.946E-1
-8.946E-1
-9.056E-1
-9.056E-1
-9.056E-1
-9.056E-1
-9.056E-1
-9.056E-1
-9.056E-1
-9.166E-1
-9.166E-1
-9.166E-1
-9.276E-1
-9.276E-1
-9.276E-1
-9.276E-1
-9.276E-1
-9.276E-1
-9.276E-1
-9.386E-1
-9.386E-1
-9.386E-1
-9.386E-1
-9.386E-1
-9.386E-1
-9.386E-1
-9.386E-1
-9.386E-1
-9.386E-1
-9.386E-1
-9.386E-1
-9.276E-1
-9.276E-1
-9.276E-1
-9.276E-1
-9.276E-1
-9.276E-1
-9.276E-1
-9.166E-1
-9.166E-1
-9.166E-1
-9.056E-1
-9.056E-1
-9.056E-1
-8.946E-1
-8.946E-1
-8.946E-1
-8.946E-1
-8.836E-1
-8.836E-1
-8.836E-1
-8.726E-1
-8.726E-1
-8.617E-1
-8.507E-1
-8.507E-1
-8.507E-1
-8.507E-1
-8.397E-1
-8.287E-1
-8.177E-1
-8.067E-1
-8.067E-1
-7.957E-1
-7.848E-1
-7.848E-1
-7.738E-1
-7.738E-1
-7.628E-1
-7.518E-1
-7.408E-1
-7.298E-1
-7.298E-1
-7.188E-1
-7.079E-1
-7.079E-1
-6.969E-1
-6.859E-1
-6.749E-1
-6.639E-1
-6.639E-1
-6.529E-1
-6.419E-1
-6.310E-1
-6.200E-1
-6.200E-1
-6.090E-1
-5.980E-1
-5.870E-1
-5.760E-1
-5.650E-1
-5.540E-1
-5.431E-1
-5.321E-1
-5.101E-1
-5.101E-1
-4.991E-1
-4.881E-1
-4.771E-1
-4.552E-1
-4.442E-1
-4.332E-1
-4.222E-1
-4.112E-1
-3.893E-1
-3.893E-1
-3.783E-1
-3.673E-1
-3.563E-1
-3.343E-1
-3.233E-1
-3.123E-1
-3.014E-1
-2.904E-1
-2.684E-1
-2.684E-1
-2.574E-1
-2.464E-1
-2.354E-1
-2.135E-1
-2.025E-1
-1.915E-1
-1.805E-1
-1.695E-1
-1.476E-1
-1.366E-1
-1.256E-1
-1.146E-1
-1.036E-1
-9.262E-2
-9.262E-2
-8.164E-2
-7.065E-2
-5.966E-2
-4.868E-2
-4.868E-2
-4.868E-2
-4.868E-2
-4.868E-2
-4.868E-2
-4.868E-2
-4.868E-2
-4.868E-2
-4.868E-2
-3.769E-2
-3.769E-2
-3.769E-2
-3.769E-2
-3.769E-2
-3.769E-2
-3.769E-2
-3.769E-2
-3.769E-2
-3.769E-2
-2.670E-2
-2.670E-2
-2.670E-2
-2.670E-2
-2.670E-2
-2.670E-2
-2.670E-2
-2.670E-2
-2.670E-2
-2.670E-2
-2.670E-2
-2.670E-2
-2.670E-2
-2.670E-2
-2.670E-2
-2.670E-2
-2.670E-2
-2.670E-2
-2.670E-2
-2.670E-2
-2.670E-2
-2.670E-2
-2.670E-2
-2.670E-2
-2.670E-2
-2.670E-2
-2.670E-2
-2.670E-2
-2.670E-2
-2.670E-2
-2.670E-2
-2.670E-2
-2.670E-2
-2.670E-2
-2.670E-2
-2.670E-2
-2.670E-2
-2.670E-2
-2.670E-2
-2.670E-2
-2.670E-2
-2.670E-2
-2.670E-2
-2.670E-2
-2.670E-2
-2.670E-2
-2.670E-2
-2.670E-2
-2.670E-2
-2.670E-2
-2.670E-2
-2.670E-2
-2.670E-2
-2.670E-2
-2.670E-2
-2.670E-2
-2.670E-2
-2.670E-2
-2.670E-2
-2.670E-2
-2.670E-2
-2.670E-2
-2.670E-2
-2.670E-2
-2.670E-2
-2.670E-2
-2.670E-2
-2.670E-2
-2.670E-2
-2.670E-2
-2.670E-2
-2.670E-2
-2.670E-2
-2.670E-2
-2.670E-2
-2.670E-2
-2.670E-2
-2.670E-2
-2.670E-2
-2.670E-2
-2.670E-2
-2.670E-2
-2.670E-2
-2.670E-2
-2.670E-2
-2.670E-2
-2.670E-2
-2.670E-2
-2.670E-2
-2.670E-2
-1.572E-2
-2.670E-2
-2.670E-2
-2.670E-2
-2.670E-2
-2.670E-2
-2.670E-2
-2.670E-2
-2.670E-2
-2.670E-2
-2.670E-2
-2.670E-2
-2.670E-2
-2.670E-2
-2.670E-2
-2.670E-2
-2.670E-2
-2.670E-2
-2.670E-2
-2.670E-2
-2.670E-2
-2.670E-2
-2.670E-2
-2.670E-2
-2.670E-2
-2.670E-2
-2.670E-2
-2.670E-2
-2.670E-2
-2.670E-2
-2.670E-2
-2.670E-2
-2.670E-2
-2.670E-2
-2.670E-2
-2.670E-2
-2.670E-2
-2.670E-2
-2.670E-2
-2.670E-2
-2.670E-2
-2.670E-2
-2.670E-2
-2.670E-2
-2.670E-2
-2.670E-2
-2.670E-2
-2.670E-2
-2.670E-2
-2.670E-2
-2.670E-2
-2.670E-2
-2.670E-2
-2.670E-2
-2.670E-2
-2.670E-2
-2.670E-2
-2.670E-2
-2.670E-2
-2.670E-2
-1.572E-2
-2.670E-2
-2.670E-2
-2.670E-2
-2.670E-2
-2.670E-2
-2.670E-2
-2.670E-2
-2.670E-2
-2.670E-2
-2.670E-2
-2.670E-2
-2.670E-2
-2.670E-2
-2.670E-2
-2.670E-2
-2.670E-2
-2.670E-2
-2.670E-2
-2.670E-2
-2.670E-2
-2.670E-2
-2.670E-2
-2.670E-2
-2.670E-2
-2.670E-2
-2.670E-2
-2.670E-2
-2.670E-2
-2.670E-2
-2.670E-2
-2.670E-2
-2.670E-2
-2.670E-2
-2.670E-2
-2.670E-2
-2.670E-2
-2.670E-2
-2.670E-2
-2.670E-2
-2.670E-2
-2.670E-2
-2.670E-2
-2.670E-2
-2.670E-2
-2.670E-2
-2.670E-2
-2.670E-2
-2.670E-2
-2.670E-2
-2.670E-2
-2.670E-2
-2.670E-2
-2.670E-2
-2.670E-2
-2.670E-2
-2.670E-2
-2.670E-2
-2.670E-2
-2.670E-2
-2.670E-2
-2.670E-2
-2.670E-2
-2.670E-2
-2.670E-2
-2.670E-2
-2.670E-2
-2.670E-2
-2.670E-2
-2.670E-2
-2.670E-2
-2.670E-2
-2.670E-2
-2.670E-2
-2.670E-2
-2.670E-2
-2.670E-2
-2.670E-2
-2.670E-2
-2.670E-2
-2.670E-2
-2.670E-2
-2.670E-2
-2.670E-2
-2.670E-2
-2.670E-2
-2.670E-2
-2.670E-2
-2.670E-2
-2.670E-2
-2.670E-2
-2.670E-2
-2.670E-2
-2.670E-2
-2.670E-2
-2.670E-2
-2.670E-2
-2.670E-2
-2.670E-2
-2.670E-2
-1.572E-2
-2.670E-2
-2.670E-2
-2.670E-2
-2.670E-2
-2.670E-2
-2.670E-2
-2.670E-2
-2.670E-2
-2.670E-2
-2.670E-2
-2.670E-2
-2.670E-2
-2.670E-2
-2.670E-2
-2.670E-2
-2.670E-2
-2.670E-2
-2.670E-2
-2.670E-2
-2.670E-2
-2.670E-2
-2.670E-2
-2.670E-2
-2.670E-2
-2.670E-2
-2.670E-2
-2.670E-2
-2.670E-2
-2.670E-2
-2.670E-2
-2.670E-2
-2.670E-2
-2.670E-2
-2.670E-2
-2.670E-2
-2.670E-2
-2.670E-2
-2.670E-2
-2.670E-2
-2.670E-2
-2.670E-2
-2.670E-2
-2.670E-2
-2.670E-2
-2.670E-2
-2.670E-2
-2.670E-2
-2.670E-2
-2.670E-2
-2.670E-2
-2.670E-2
-2.670E-2
-2.670E-2
-2.670E-2
-2.670E-2
-2.670E-2
-2.670E-2
-2.670E-2
-2.670E-2
-2.670E-2
-2.670E-2
-2.670E-2
-2.670E-2
-2.670E-2
-2.670E-2
-2.670E-2
-2.670E-2
-2.670E-2
-2.670E-2
-2.670E-2
-2.670E-2
-2.670E-2
-2.670E-2
-2.670E-2
-2.670E-2
-2.670E-2
-2.670E-2
-2.670E-2
-2.670E-2
-2.670E-2
-2.670E-2
-2.670E-2
-2.670E-2
-2.670E-2
-2.670E-2
-2.670E-2
-2.670E-2
-2.670E-2
-2.670E-2
-2.670E-2
-2.670E-2
-2.670E-2
-2.670E-2
-1.572E-2
-1.572E-2
-1.572E-2
-1.572E-2
-1.572E-2
-1.572E-2
-1.572E-2
-1.572E-2
-1.572E-2
-1.572E-2
-1.572E-2
-1.572E-2
-1.572E-2
-1.572E-2
-1.572E-2
-1.572E-2
-1.572E-2
-1.572E-2
-1.572E-2
-1.572E-2
-1.572E-2
-2.670E-2
-2.670E-2
-2.670E-2
-2.670E-2
-2.670E-2
-2.670E-2
-2.670E-2
-2.670E-2
-2.670E-2
-2.670E-2
-2.670E-2
-2.670E-2
-2.670E-2
-2.670E-2
-2.670E-2
-2.670E-2
-2.670E-2
-2.670E-2
-2.670E-2
-2.670E-2
-2.670E-2
-2.670E-2
-2.670E-2
-2.670E-2
-2.670E-2
-2.670E-2
-2.670E-2
-2.670E-2
-2.670E-2
-2.670E-2
-2.670E-2
-2.670E-2
-2.670E-2
-2.670E-2
-2.670E-2
-2.670E-2
-2.670E-2
-2.670E-2
-2.670E-2
-1.572E-2
-1.572E-2
-1.572E-2
-1.572E-2
-1.572E-2
-1.572E-2
-1.572E-2
-1.572E-2
-1.572E-2
-1.572E-2
-1.572E-2
-1.572E-2
-1.572E-2
-1.572E-2
-1.572E-2
-1.572E-2
-1.572E-2
-2.670E-2
-2.670E-2
-2.670E-2
-2.670E-2
-2.670E-2
-2.670E-2
-2.670E-2
-2.670E-2
-2.670E-2
-2.670E-2
-2.670E-2
-2.670E-2
-2.670E-2
-2.670E-2
-2.670E-2
-2.670E-2
-2.670E-2
-2.670E-2
-2.670E-2
-2.670E-2
-2.670E-2
-2.670E-2
-2.670E-2
-2.670E-2
-2.670E-2
-2.670E-2
-2.670E-2
-2.670E-2
-2.670E-2
-2.670E-2
-2.670E-2
-2.670E-2
-2.670E-2
-2.670E-2
-2.670E-2
-2.670E-2
-2.670E-2
-2.670E-2
-2.670E-2
-2.670E-2
-2.670E-2
-2.670E-2
-2.670E-2
-2.670E-2
-2.670E-2
-2.670E-2
-2.670E-2
-2.670E-2
-2.670E-2
-2.670E-2
-2.670E-2
-2.670E-2
-2.670E-2
-2.670E-2
-2.670E-2
-2.670E-2
-2.670E-2
-2.670E-2
-2.670E-2
-2.670E-2
-2.670E-2
-2.670E-2
-2.670E-2
-2.670E-2
-2.670E-2
-2.670E-2
-2.670E-2
-2.670E-2
-2.670E-2
-2.670E-2
-2.670E-2
-2.670E-2
-2.670E-2
-2.670E-2
-2.670E-2
-2.670E-2
-2.670E-2
-2.670E-2
-2.670E-2
-2.670E-2
-2.670E-2
-2.670E-2
-2.670E-2
-2.670E-2
-2.670E-2
-2.670E-2
-2.670E-2
-2.670E-2
-2.670E-2
-2.670E-2
-2.670E-2
-2.670E-2
-2.670E-2
-2.670E-2
-2.670E-2
-2.670E-2
-2.670E-2
-2.670E-2
-2.670E-2
-2.670E-2
-2.670E-2
-2.670E-2
-2.670E-2
-2.670E-2
-2.670E-2
-2.670E-2
-2.670E-2
-2.670E-2
-2.670E-2
-2.670E-2
-2.670E-2
-2.670E-2
-2.670E-2
-2.670E-2
-2.670E-2
-2.670E-2
-2.670E-2
-2.670E-2
-2.670E-2
-2.670E-2
-2.670E-2
-2.670E-2
-2.670E-2
-2.670E-2
-2.670E-2
-2.670E-2
-2.670E-2
-2.670E-2
-2.670E-2
-2.670E-2
-2.670E-2
-2.670E-2
-2.670E-2
-2.670E-2
-2.670E-2
-2.670E-2
-2.670E-2
-2.670E-2
-2.670E-2
-2.670E-2
-2.670E-2
-2.670E-2
-2.670E-2
-2.670E-2
-2.670E-2
-2.670E-2
-2.670E-2
-2.670E-2
-2.670E-2
-2.670E-2
-2.670E-2
-2.670E-2
-2.670E-2
