1.500E-9
-1.500E-6
9.676E-4
9.676E-4
9.676E-4
9.676E-4
9.676E-4
9.676E-4
9.676E-4
9.676E-4
9.676E-4
9.676E-4
9.676E-4
9.676E-4
9.676E-4
9.676E-4
9.676E-4
9.676E-4
9.676E-4
9.676E-4
9.676E-4
9.676E-4
9.676E-4
9.676E-4
9.676E-4
9.676E-4
-8.711E-3
-8.711E-3
-8.711E-3
-8.711E-3
-8.711E-3
-8.711E-3
-8.711E-3
-8.711E-3
-8.711E-3
-8.711E-3
-8.711E-3
-8.711E-3
-8.711E-3
-8.711E-3
-8.711E-3
-8.711E-3
-8.711E-3
-8.711E-3
-8.711E-3
-8.711E-3
-8.711E-3
-8.711E-3
-8.711E-3
-8.711E-3
-8.711E-3
-8.711E-3
-8.711E-3
-8.711E-3
-8.711E-3
-8.711E-3
-8.711E-3
-8.711E-3
9.676E-4
9.676E-4
9.676E-4
9.676E-4
9.676E-4
9.676E-4
9.676E-4
9.676E-4
9.676E-4
9.676E-4
9.676E-4
9.676E-4
9.676E-4
9.676E-4
9.676E-4
9.676E-4
9.676E-4
9.676E-4
9.676E-4
9.676E-4
9.676E-4
9.676E-4
9.676E-4
9.676E-4
9.676E-4
9.676E-4
9.676E-4
9.676E-4
9.676E-4
9.676E-4
9.676E-4
9.676E-4
9.676E-4
9.676E-4
9.676E-4
9.676E-4
9.676E-4
9.676E-4
9.676E-4
9.676E-4
9.676E-4
9.676E-4
9.676E-4
9.676E-4
9.676E-4
9.676E-4
9.676E-4
9.676E-4
9.676E-4
9.676E-4
9.676E-4
9.676E-4
9.676E-4
9.676E-4
9.676E-4
9.676E-4
9.676E-4
9.676E-4
9.676E-4
9.676E-4
9.676E-4
9.676E-4
9.676E-4
9.676E-4
9.676E-4
9.676E-4
9.676E-4
9.676E-4
9.676E-4
9.676E-4
9.676E-4
9.676E-4
9.676E-4
9.676E-4
9.676E-4
9.676E-4
9.676E-4
9.676E-4
9.676E-4
9.676E-4
9.676E-4
9.676E-4
9.676E-4
9.676E-4
9.676E-4
9.676E-4
9.676E-4
9.676E-4
9.676E-4
9.676E-4
9.676E-4
9.676E-4
9.676E-4
9.676E-4
9.676E-4
9.676E-4
9.676E-4
9.676E-4
9.676E-4
9.676E-4
9.676E-4
9.676E-4
9.676E-4
9.676E-4
9.676E-4
9.676E-4
9.676E-4
9.676E-4
9.676E-4
9.676E-4
9.676E-4
9.676E-4
9.676E-4
9.676E-4
9.676E-4
9.676E-4
9.676E-4
9.676E-4
9.676E-4
9.676E-4
9.676E-4
9.676E-4
9.676E-4
9.676E-4
9.676E-4
9.676E-4
9.676E-4
9.676E-4
9.676E-4
9.676E-4
9.676E-4
9.676E-4
9.676E-4
9.676E-4
9.676E-4
9.676E-4
9.676E-4
9.676E-4
9.676E-4
9.676E-4
9.676E-4
9.676E-4
9.676E-4
9.676E-4
9.676E-4
9.676E-4
9.676E-4
9.676E-4
9.676E-4
9.676E-4
9.676E-4
9.676E-4
9.676E-4
9.676E-4
9.676E-4
9.676E-4
9.676E-4
9.676E-4
9.676E-4
9.676E-4
9.676E-4
9.676E-4
9.676E-4
9.676E-4
9.676E-4
9.676E-4
9.676E-4
9.676E-4
9.676E-4
9.676E-4
9.676E-4
9.676E-4
9.676E-4
9.676E-4
9.676E-4
9.676E-4
9.676E-4
9.676E-4
9.676E-4
9.676E-4
9.676E-4
9.676E-4
9.676E-4
9.676E-4
9.676E-4
9.676E-4
9.676E-4
9.676E-4
9.676E-4
9.676E-4
9.676E-4
9.676E-4
9.676E-4
9.676E-4
9.676E-4
9.676E-4
9.676E-4
9.676E-4
9.676E-4
9.676E-4
9.676E-4
9.676E-4
9.676E-4
9.676E-4
9.676E-4
9.676E-4
9.676E-4
9.676E-4
9.676E-4
9.676E-4
9.676E-4
9.676E-4
9.676E-4
9.676E-4
9.676E-4
9.676E-4
9.676E-4
9.676E-4
9.676E-4
9.676E-4
9.676E-4
9.676E-4
9.676E-4
9.676E-4
9.676E-4
9.676E-4
9.676E-4
9.676E-4
9.676E-4
9.676E-4
9.676E-4
9.676E-4
9.676E-4
9.676E-4
9.676E-4
9.676E-4
9.676E-4
9.676E-4
9.676E-4
9.676E-4
9.676E-4
-8.711E-3
-8.711E-3
-8.711E-3
-8.711E-3
-8.711E-3
-8.711E-3
9.676E-4
9.676E-4
9.676E-4
9.676E-4
9.676E-4
9.676E-4
9.676E-4
9.676E-4
9.676E-4
9.676E-4
9.676E-4
9.676E-4
9.676E-4
9.676E-4
9.676E-4
9.676E-4
9.676E-4
9.676E-4
9.676E-4
9.676E-4
9.676E-4
9.676E-4
9.676E-4
9.676E-4
9.676E-4
9.676E-4
9.676E-4
9.676E-4
9.676E-4
9.676E-4
9.676E-4
9.676E-4
9.676E-4
9.676E-4
9.676E-4
9.676E-4
9.676E-4
9.676E-4
9.676E-4
9.676E-4
9.676E-4
9.676E-4
9.676E-4
9.676E-4
9.676E-4
9.676E-4
9.676E-4
9.676E-4
9.676E-4
9.676E-4
9.676E-4
9.676E-4
9.676E-4
9.676E-4
9.676E-4
9.676E-4
9.676E-4
9.676E-4
9.676E-4
9.676E-4
9.676E-4
9.676E-4
9.676E-4
9.676E-4
9.676E-4
9.676E-4
9.676E-4
9.676E-4
9.676E-4
9.676E-4
9.676E-4
9.676E-4
9.676E-4
9.676E-4
9.676E-4
9.676E-4
9.676E-4
9.676E-4
9.676E-4
9.676E-4
9.676E-4
9.676E-4
9.676E-4
9.676E-4
-8.711E-3
-8.711E-3
-8.711E-3
-8.711E-3
-8.711E-3
-8.711E-3
-8.711E-3
-8.711E-3
-8.711E-3
9.676E-4
9.676E-4
9.676E-4
9.676E-4
9.676E-4
9.676E-4
9.676E-4
9.676E-4
9.676E-4
9.676E-4
9.676E-4
9.676E-4
9.676E-4
9.676E-4
9.676E-4
9.676E-4
9.676E-4
9.676E-4
9.676E-4
9.676E-4
9.676E-4
9.676E-4
9.676E-4
9.676E-4
9.676E-4
9.676E-4
9.676E-4
9.676E-4
9.676E-4
9.676E-4
9.676E-4
9.676E-4
9.676E-4
9.676E-4
9.676E-4
9.676E-4
9.676E-4
9.676E-4
9.676E-4
9.676E-4
9.676E-4
9.676E-4
9.676E-4
9.676E-4
9.676E-4
9.676E-4
9.676E-4
9.676E-4
9.676E-4
9.676E-4
9.676E-4
9.676E-4
9.676E-4
9.676E-4
9.676E-4
9.676E-4
9.676E-4
9.676E-4
9.676E-4
9.676E-4
9.676E-4
9.676E-4
9.676E-4
9.676E-4
9.676E-4
9.676E-4
9.676E-4
9.676E-4
9.676E-4
9.676E-4
9.676E-4
9.676E-4
9.676E-4
9.676E-4
9.676E-4
9.676E-4
9.676E-4
9.676E-4
9.676E-4
9.676E-4
9.676E-4
9.676E-4
9.676E-4
9.676E-4
9.676E-4
9.676E-4
9.676E-4
9.676E-4
9.676E-4
9.676E-4
9.676E-4
9.676E-4
9.676E-4
9.676E-4
9.676E-4
9.676E-4
9.676E-4
9.676E-4
9.676E-4
9.676E-4
9.676E-4
9.676E-4
9.676E-4
9.676E-4
9.676E-4
9.676E-4
9.676E-4
9.676E-4
9.676E-4
9.676E-4
9.676E-4
9.676E-4
9.676E-4
9.676E-4
9.676E-4
9.676E-4
9.676E-4
9.676E-4
9.676E-4
9.676E-4
9.676E-4
9.676E-4
9.676E-4
9.676E-4
9.676E-4
9.676E-4
9.676E-4
9.676E-4
9.676E-4
9.676E-4
9.676E-4
9.676E-4
9.676E-4
9.676E-4
9.676E-4
9.676E-4
9.676E-4
9.676E-4
9.676E-4
9.676E-4
9.676E-4
9.676E-4
9.676E-4
9.676E-4
9.676E-4
9.676E-4
9.676E-4
9.676E-4
9.676E-4
9.676E-4
9.676E-4
9.676E-4
9.676E-4
9.676E-4
9.676E-4
9.676E-4
9.676E-4
9.676E-4
9.676E-4
9.676E-4
9.676E-4
9.676E-4
9.676E-4
9.676E-4
9.676E-4
9.676E-4
9.676E-4
9.676E-4
9.676E-4
9.676E-4
9.676E-4
9.676E-4
9.676E-4
9.676E-4
9.676E-4
9.676E-4
9.676E-4
9.676E-4
9.676E-4
9.676E-4
9.676E-4
9.676E-4
9.676E-4
9.676E-4
9.676E-4
9.676E-4
9.676E-4
9.676E-4
9.676E-4
9.676E-4
9.676E-4
9.676E-4
9.676E-4
9.676E-4
9.676E-4
9.676E-4
9.676E-4
9.676E-4
9.676E-4
9.676E-4
9.676E-4
9.676E-4
9.676E-4
9.676E-4
9.676E-4
9.676E-4
9.676E-4
9.676E-4
9.676E-4
9.676E-4
9.676E-4
9.676E-4
9.676E-4
9.676E-4
9.676E-4
9.676E-4
9.676E-4
9.676E-4
9.676E-4
9.676E-4
9.676E-4
9.676E-4
9.676E-4
9.676E-4
9.676E-4
9.676E-4
9.676E-4
9.676E-4
9.676E-4
9.676E-4
9.676E-4
9.676E-4
9.676E-4
9.676E-4
9.676E-4
9.676E-4
9.676E-4
9.676E-4
9.676E-4
9.676E-4
9.676E-4
9.676E-4
9.676E-4
9.676E-4
9.676E-4
9.676E-4
9.676E-4
9.676E-4
9.676E-4
9.676E-4
9.676E-4
-8.711E-3
-8.711E-3
-8.711E-3
-8.711E-3
-8.711E-3
-8.711E-3
9.676E-4
9.676E-4
9.676E-4
9.676E-4
9.676E-4
9.676E-4
9.676E-4
9.676E-4
9.676E-4
9.676E-4
9.676E-4
9.676E-4
9.676E-4
9.676E-4
9.676E-4
9.676E-4
9.676E-4
9.676E-4
9.676E-4
9.676E-4
9.676E-4
9.676E-4
9.676E-4
9.676E-4
9.676E-4
9.676E-4
9.676E-4
9.676E-4
9.676E-4
9.676E-4
9.676E-4
9.676E-4
9.676E-4
9.676E-4
9.676E-4
9.676E-4
9.676E-4
9.676E-4
-8.711E-3
-8.711E-3
-8.711E-3
-8.711E-3
-8.711E-3
9.676E-4
9.676E-4
9.676E-4
9.676E-4
9.676E-4
9.676E-4
9.676E-4
9.676E-4
9.676E-4
9.676E-4
9.676E-4
9.676E-4
9.676E-4
9.676E-4
9.676E-4
9.676E-4
9.676E-4
9.676E-4
9.676E-4
9.676E-4
9.676E-4
9.676E-4
9.676E-4
9.676E-4
9.676E-4
-8.711E-3
-8.711E-3
-8.711E-3
-8.711E-3
-8.711E-3
-8.711E-3
-8.711E-3
-8.711E-3
-8.711E-3
9.676E-4
9.676E-4
9.676E-4
9.676E-4
9.676E-4
9.676E-4
9.676E-4
9.676E-4
9.676E-4
9.676E-4
9.676E-4
9.676E-4
9.676E-4
9.676E-4
9.676E-4
9.676E-4
9.676E-4
9.676E-4
9.676E-4
9.676E-4
9.676E-4
9.676E-4
9.676E-4
9.676E-4
9.676E-4
9.676E-4
9.676E-4
9.676E-4
9.676E-4
9.676E-4
9.676E-4
9.676E-4
9.676E-4
9.676E-4
9.676E-4
9.676E-4
9.676E-4
9.676E-4
9.676E-4
9.676E-4
9.676E-4
9.676E-4
9.676E-4
9.676E-4
9.676E-4
9.676E-4
9.676E-4
9.676E-4
9.676E-4
9.676E-4
9.676E-4
9.676E-4
9.676E-4
9.676E-4
9.676E-4
9.676E-4
9.676E-4
9.676E-4
9.676E-4
9.676E-4
9.676E-4
9.676E-4
9.676E-4
9.676E-4
9.676E-4
9.676E-4
9.676E-4
9.676E-4
9.676E-4
9.676E-4
9.676E-4
9.676E-4
9.676E-4
9.676E-4
9.676E-4
9.676E-4
9.676E-4
9.676E-4
9.676E-4
9.676E-4
9.676E-4
9.676E-4
9.676E-4
9.676E-4
9.676E-4
9.676E-4
9.676E-4
9.676E-4
9.676E-4
9.676E-4
9.676E-4
9.676E-4
9.676E-4
9.676E-4
9.676E-4
9.676E-4
9.676E-4
9.676E-4
9.676E-4
9.676E-4
9.676E-4
9.676E-4
9.676E-4
9.676E-4
9.676E-4
9.676E-4
9.676E-4
9.676E-4
9.676E-4
9.676E-4
9.676E-4
9.676E-4
9.676E-4
9.676E-4
9.676E-4
9.676E-4
9.676E-4
9.676E-4
9.676E-4
9.676E-4
9.676E-4
9.676E-4
9.676E-4
9.676E-4
9.676E-4
9.676E-4
9.676E-4
9.676E-4
9.676E-4
9.676E-4
9.676E-4
9.676E-4
9.676E-4
9.676E-4
9.676E-4
9.676E-4
9.676E-4
9.676E-4
9.676E-4
9.676E-4
9.676E-4
9.676E-4
9.676E-4
9.676E-4
9.676E-4
9.676E-4
9.676E-4
9.676E-4
9.676E-4
9.676E-4
9.676E-4
9.676E-4
9.676E-4
9.676E-4
9.676E-4
9.676E-4
9.676E-4
9.676E-4
9.676E-4
9.676E-4
9.676E-4
9.676E-4
9.676E-4
9.676E-4
9.676E-4
9.676E-4
9.676E-4
9.676E-4
9.676E-4
9.676E-4
9.676E-4
9.676E-4
9.676E-4
9.676E-4
9.676E-4
9.676E-4
9.676E-4
9.676E-4
9.676E-4
9.676E-4
9.676E-4
9.676E-4
9.676E-4
9.676E-4
9.676E-4
9.676E-4
9.676E-4
9.676E-4
9.676E-4
9.676E-4
9.676E-4
9.676E-4
9.676E-4
9.676E-4
9.676E-4
9.676E-4
9.676E-4
9.676E-4
9.676E-4
9.676E-4
9.676E-4
9.676E-4
9.676E-4
9.676E-4
9.676E-4
9.676E-4
9.676E-4
9.676E-4
9.676E-4
9.676E-4
9.676E-4
9.676E-4
9.676E-4
9.676E-4
9.676E-4
9.676E-4
9.676E-4
9.676E-4
9.676E-4
9.676E-4
9.676E-4
9.676E-4
9.676E-4
9.676E-4
9.676E-4
9.676E-4
9.676E-4
9.676E-4
9.676E-4
9.676E-4
9.676E-4
9.676E-4
9.676E-4
9.676E-4
9.676E-4
9.676E-4
9.676E-4
9.676E-4
9.676E-4
9.676E-4
9.676E-4
9.676E-4
9.676E-4
9.676E-4
9.676E-4
9.676E-4
9.676E-4
9.676E-4
9.676E-4
9.676E-4
9.676E-4
9.676E-4
9.676E-4
9.676E-4
3.968E-2
5.904E-2
8.807E-2
1.268E-1
1.558E-1
1.945E-1
2.042E-1
2.816E-1
3.204E-1
3.494E-1
4.075E-1
4.559E-1
4.946E-1
5.236E-1
5.623E-1
5.914E-1
6.010E-1
6.494E-1
6.785E-1
6.978E-1
7.172E-1
7.365E-1
7.559E-1
7.753E-1
7.849E-1
8.043E-1
8.140E-1
8.236E-1
8.333E-1
8.430E-1
8.430E-1
8.430E-1
8.527E-1
8.430E-1
8.333E-1
8.333E-1
8.333E-1
7.946E-1
7.753E-1
7.753E-1
7.269E-1
6.978E-1
6.785E-1
6.301E-1
6.010E-1
5.623E-1
5.623E-1
4.849E-1
4.462E-1
4.365E-1
3.688E-1
3.204E-1
2.913E-1
2.333E-1
1.849E-1
1.365E-1
1.365E-1
3.968E-2
-8.711E-3
-2.807E-2
-1.055E-1
-1.442E-1
-1.829E-1
-2.410E-1
-2.894E-1
-3.378E-1
-3.378E-1
-4.249E-1
-4.636E-1
-4.830E-1
-5.410E-1
-5.797E-1
-6.088E-1
-6.475E-1
-6.765E-1
-7.056E-1
-7.056E-1
-7.540E-1
-7.733E-1
-7.830E-1
-8.024E-1
-8.120E-1
-8.217E-1
-8.411E-1
-8.411E-1
-8.507E-1
-8.507E-1
-8.507E-1
-8.507E-1
-8.411E-1
-8.314E-1
-8.120E-1
-8.024E-1
-7.830E-1
-7.636E-1
-7.443E-1
-7.346E-1
-6.959E-1
-6.669E-1
-6.475E-1
-5.991E-1
-5.604E-1
-5.314E-1
-4.926E-1
-4.442E-1
-4.055E-1
-3.959E-1
-3.184E-1
-2.700E-1
-2.410E-1
-2.023E-1
-1.732E-1
-1.442E-1
-1.249E-1
-1.152E-1
-9.582E-2
-8.614E-2
-7.646E-2
-7.646E-2
-6.678E-2
-6.678E-2
-6.678E-2
-6.678E-2
-6.678E-2
-5.710E-2
-5.710E-2
-4.743E-2
-3.775E-2
-3.775E-2
-2.807E-2
-2.807E-2
-1.839E-2
-8.711E-3
-8.711E-3
-8.711E-3
-8.711E-3
9.676E-4
9.676E-4
9.676E-4
9.676E-4
-8.711E-3
-8.711E-3
-8.711E-3
-8.711E-3
-8.711E-3
-8.711E-3
-8.711E-3
-8.711E-3
-8.711E-3
-8.711E-3
-8.711E-3
-8.711E-3
9.676E-4
9.676E-4
9.676E-4
9.676E-4
9.676E-4
9.676E-4
9.676E-4
9.676E-4
9.676E-4
9.676E-4
9.676E-4
9.676E-4
9.676E-4
9.676E-4
9.676E-4
9.676E-4
9.676E-4
9.676E-4
9.676E-4
9.676E-4
9.676E-4
9.676E-4
9.676E-4
9.676E-4
9.676E-4
9.676E-4
9.676E-4
9.676E-4
9.676E-4
9.676E-4
9.676E-4
-8.711E-3
-8.711E-3
-8.711E-3
-8.711E-3
-8.711E-3
-8.711E-3
-8.711E-3
-8.711E-3
-8.711E-3
-8.711E-3
-8.711E-3
-8.711E-3
-8.711E-3
-8.711E-3
-8.711E-3
-8.711E-3
-8.711E-3
-8.711E-3
-8.711E-3
9.676E-4
9.676E-4
9.676E-4
9.676E-4
9.676E-4
9.676E-4
9.676E-4
9.676E-4
9.676E-4
9.676E-4
9.676E-4
-8.711E-3
-8.711E-3
-8.711E-3
-8.711E-3
-8.711E-3
-8.711E-3
-8.711E-3
-8.711E-3
-8.711E-3
-8.711E-3
-8.711E-3
9.676E-4
9.676E-4
9.676E-4
9.676E-4
9.676E-4
9.676E-4
9.676E-4
9.676E-4
9.676E-4
9.676E-4
9.676E-4
9.676E-4
9.676E-4
9.676E-4
9.676E-4
9.676E-4
9.676E-4
9.676E-4
9.676E-4
9.676E-4
9.676E-4
9.676E-4
9.676E-4
9.676E-4
9.676E-4
9.676E-4
9.676E-4
9.676E-4
9.676E-4
9.676E-4
9.676E-4
9.676E-4
9.676E-4
9.676E-4
9.676E-4
9.676E-4
9.676E-4
9.676E-4
9.676E-4
9.676E-4
9.676E-4
9.676E-4
9.676E-4
9.676E-4
9.676E-4
-8.711E-3
-8.711E-3
-8.711E-3
-8.711E-3
-8.711E-3
-8.711E-3
9.676E-4
9.676E-4
9.676E-4
9.676E-4
9.676E-4
9.676E-4
9.676E-4
9.676E-4
9.676E-4
9.676E-4
9.676E-4
9.676E-4
9.676E-4
9.676E-4
9.676E-4
9.676E-4
9.676E-4
9.676E-4
9.676E-4
9.676E-4
9.676E-4
9.676E-4
9.676E-4
9.676E-4
9.676E-4
9.676E-4
9.676E-4
9.676E-4
9.676E-4
9.676E-4
9.676E-4
9.676E-4
9.676E-4
9.676E-4
9.676E-4
9.676E-4
9.676E-4
9.676E-4
9.676E-4
9.676E-4
9.676E-4
9.676E-4
9.676E-4
9.676E-4
9.676E-4
9.676E-4
9.676E-4
9.676E-4
9.676E-4
9.676E-4
9.676E-4
9.676E-4
9.676E-4
9.676E-4
9.676E-4
9.676E-4
9.676E-4
9.676E-4
9.676E-4
9.676E-4
9.676E-4
9.676E-4
9.676E-4
9.676E-4
9.676E-4
9.676E-4
9.676E-4
9.676E-4
9.676E-4
9.676E-4
9.676E-4
9.676E-4
9.676E-4
9.676E-4
9.676E-4
9.676E-4
9.676E-4
9.676E-4
9.676E-4
9.676E-4
9.676E-4
9.676E-4
9.676E-4
9.676E-4
9.676E-4
9.676E-4
9.676E-4
9.676E-4
9.676E-4
9.676E-4
9.676E-4
9.676E-4
9.676E-4
9.676E-4
9.676E-4
9.676E-4
9.676E-4
9.676E-4
9.676E-4
9.676E-4
9.676E-4
9.676E-4
9.676E-4
9.676E-4
9.676E-4
9.676E-4
9.676E-4
9.676E-4
9.676E-4
9.676E-4
9.676E-4
9.676E-4
9.676E-4
9.676E-4
9.676E-4
9.676E-4
9.676E-4
9.676E-4
9.676E-4
9.676E-4
9.676E-4
9.676E-4
9.676E-4
9.676E-4
9.676E-4
9.676E-4
9.676E-4
9.676E-4
9.676E-4
9.676E-4
9.676E-4
9.676E-4
9.676E-4
9.676E-4
9.676E-4
9.676E-4
9.676E-4
9.676E-4
9.676E-4
9.676E-4
9.676E-4
9.676E-4
9.676E-4
9.676E-4
9.676E-4
9.676E-4
9.676E-4
9.676E-4
9.676E-4
9.676E-4
9.676E-4
9.676E-4
9.676E-4
9.676E-4
9.676E-4
9.676E-4
9.676E-4
9.676E-4
9.676E-4
9.676E-4
9.676E-4
9.676E-4
9.676E-4
9.676E-4
9.676E-4
9.676E-4
9.676E-4
9.676E-4
9.676E-4
9.676E-4
9.676E-4
9.676E-4
9.676E-4
9.676E-4
9.676E-4
9.676E-4
9.676E-4
9.676E-4
9.676E-4
9.676E-4
9.676E-4
9.676E-4
9.676E-4
9.676E-4
9.676E-4
9.676E-4
9.676E-4
9.676E-4
9.676E-4
9.676E-4
9.676E-4
9.676E-4
9.676E-4
9.676E-4
-8.711E-3
-8.711E-3
-8.711E-3
-8.711E-3
-8.711E-3
-8.711E-3
-8.711E-3
-8.711E-3
-8.711E-3
9.676E-4
9.676E-4
9.676E-4
9.676E-4
9.676E-4
9.676E-4
9.676E-4
9.676E-4
9.676E-4
9.676E-4
9.676E-4
9.676E-4
9.676E-4
9.676E-4
9.676E-4
9.676E-4
9.676E-4
9.676E-4
9.676E-4
9.676E-4
9.676E-4
9.676E-4
9.676E-4
9.676E-4
9.676E-4
9.676E-4
9.676E-4
9.676E-4
9.676E-4
9.676E-4
9.676E-4
9.676E-4
9.676E-4
9.676E-4
9.676E-4
9.676E-4
9.676E-4
9.676E-4
9.676E-4
9.676E-4
9.676E-4
9.676E-4
9.676E-4
9.676E-4
9.676E-4
9.676E-4
9.676E-4
9.676E-4
9.676E-4
9.676E-4
9.676E-4
9.676E-4
9.676E-4
9.676E-4
9.676E-4
9.676E-4
9.676E-4
9.676E-4
9.676E-4
9.676E-4
9.676E-4
9.676E-4
9.676E-4
9.676E-4
9.676E-4
9.676E-4
9.676E-4
9.676E-4
9.676E-4
9.676E-4
9.676E-4
9.676E-4
9.676E-4
9.676E-4
9.676E-4
9.676E-4
9.676E-4
9.676E-4
9.676E-4
9.676E-4
9.676E-4
9.676E-4
9.676E-4
9.676E-4
9.676E-4
9.676E-4
9.676E-4
9.676E-4
9.676E-4
9.676E-4
9.676E-4
9.676E-4
9.676E-4
9.676E-4
9.676E-4
9.676E-4
9.676E-4
9.676E-4
9.676E-4
9.676E-4
9.676E-4
9.676E-4
9.676E-4
9.676E-4
9.676E-4
9.676E-4
9.676E-4
9.676E-4
9.676E-4
9.676E-4
9.676E-4
9.676E-4
9.676E-4
9.676E-4
9.676E-4
9.676E-4
9.676E-4
9.676E-4
9.676E-4
9.676E-4
9.676E-4
9.676E-4
9.676E-4
9.676E-4
9.676E-4
9.676E-4
9.676E-4
9.676E-4
9.676E-4
9.676E-4
9.676E-4
9.676E-4
9.676E-4
9.676E-4
9.676E-4
9.676E-4
9.676E-4
9.676E-4
9.676E-4
9.676E-4
9.676E-4
9.676E-4
9.676E-4
9.676E-4
9.676E-4
9.676E-4
9.676E-4
9.676E-4
9.676E-4
9.676E-4
9.676E-4
-8.711E-3
-8.711E-3
-8.711E-3
-8.711E-3
-8.711E-3
-8.711E-3
9.676E-4
9.676E-4
9.676E-4
9.676E-4
9.676E-4
9.676E-4
9.676E-4
9.676E-4
9.676E-4
9.676E-4
9.676E-4
9.676E-4
9.676E-4
9.676E-4
9.676E-4
9.676E-4
9.676E-4
9.676E-4
9.676E-4
9.676E-4
9.676E-4
9.676E-4
9.676E-4
9.676E-4
9.676E-4
9.676E-4
9.676E-4
9.676E-4
9.676E-4
9.676E-4
9.676E-4
9.676E-4
9.676E-4
9.676E-4
9.676E-4
9.676E-4
9.676E-4
9.676E-4
9.676E-4
9.676E-4
9.676E-4
9.676E-4
9.676E-4
9.676E-4
9.676E-4
9.676E-4
9.676E-4
9.676E-4
9.676E-4
9.676E-4
9.676E-4
9.676E-4
9.676E-4
9.676E-4
9.676E-4
9.676E-4
9.676E-4
9.676E-4
9.676E-4
9.676E-4
9.676E-4
9.676E-4
9.676E-4
9.676E-4
9.676E-4
9.676E-4
9.676E-4
9.676E-4
9.676E-4
9.676E-4
9.676E-4
9.676E-4
9.676E-4
9.676E-4
9.676E-4
9.676E-4
9.676E-4
9.676E-4
9.676E-4
9.676E-4
9.676E-4
9.676E-4
9.676E-4
9.676E-4
9.676E-4
9.676E-4
9.676E-4
9.676E-4
9.676E-4
9.676E-4
9.676E-4
9.676E-4
9.676E-4
9.676E-4
9.676E-4
9.676E-4
9.676E-4
9.676E-4
9.676E-4
9.676E-4
9.676E-4
9.676E-4
9.676E-4
9.676E-4
9.676E-4
9.676E-4
9.676E-4
9.676E-4
9.676E-4
9.676E-4
9.676E-4
9.676E-4
9.676E-4
9.676E-4
9.676E-4
9.676E-4
9.676E-4
9.676E-4
9.676E-4
9.676E-4
9.676E-4
9.676E-4
9.676E-4
9.676E-4
9.676E-4
9.676E-4
9.676E-4
9.676E-4
9.676E-4
9.676E-4
9.676E-4
9.676E-4
9.676E-4
9.676E-4
9.676E-4
9.676E-4
9.676E-4
9.676E-4
9.676E-4
9.676E-4
9.676E-4
9.676E-4
9.676E-4
9.676E-4
9.676E-4
9.676E-4
9.676E-4
9.676E-4
9.676E-4
9.676E-4
9.676E-4
9.676E-4
9.676E-4
9.676E-4
9.676E-4
9.676E-4
9.676E-4
9.676E-4
9.676E-4
9.676E-4
9.676E-4
9.676E-4
9.676E-4
9.676E-4
9.676E-4
9.676E-4
9.676E-4
9.676E-4
