1.500E-9
-1.500E-6
-1.959E-5
-1.959E-5
-1.959E-5
-1.959E-5
-1.959E-5
-1.959E-5
-1.959E-5
-1.959E-5
-1.959E-5
-1.959E-5
-1.959E-5
-1.959E-5
-1.959E-5
-1.959E-5
-1.959E-5
-1.959E-5
-1.959E-5
-1.959E-5
-1.959E-5
-1.959E-5
-1.959E-5
-1.959E-5
-1.959E-5
-1.959E-5
-1.959E-5
-1.959E-5
-1.959E-5
-1.959E-5
-1.959E-5
-1.959E-5
-1.959E-5
-1.959E-5
-1.959E-5
-1.959E-5
-1.959E-5
-1.959E-5
-1.959E-5
-1.959E-5
-1.959E-5
-1.959E-5
-1.959E-5
-1.959E-5
-1.959E-5
-1.959E-5
-1.959E-5
-1.959E-5
-1.959E-5
-1.959E-5
-1.959E-5
-1.959E-5
-1.959E-5
-1.959E-5
-1.959E-5
-1.959E-5
-1.959E-5
-1.959E-5
-1.959E-5
-1.959E-5
-1.959E-5
-1.959E-5
-1.959E-5
-1.959E-5
-1.959E-5
-1.959E-5
-1.959E-5
-1.959E-5
-1.959E-5
-1.959E-5
-1.959E-5
-1.959E-5
-1.959E-5
-1.959E-5
-1.959E-5
-1.959E-5
-1.959E-5
-1.959E-5
-1.959E-5
-1.959E-5
-1.959E-5
-1.959E-5
-1.959E-5
-1.959E-5
-1.959E-5
-1.959E-5
-1.959E-5
-1.959E-5
-1.959E-5
-1.959E-5
-1.959E-5
-1.959E-5
-1.959E-5
-1.959E-5
-1.959E-5
-1.959E-5
-1.959E-5
-1.959E-5
-1.959E-5
-1.959E-5
-1.959E-5
-1.959E-5
-1.959E-5
-1.959E-5
-1.959E-5
-1.959E-5
-1.959E-5
-1.959E-5
-1.959E-5
-1.959E-5
-1.959E-5
-1.959E-5
-1.959E-5
-1.959E-5
-1.959E-5
-1.959E-5
-1.959E-5
-1.959E-5
-1.959E-5
-1.959E-5
-1.959E-5
-1.959E-5
-1.959E-5
-1.959E-5
-1.959E-5
-1.959E-5
-1.959E-5
-1.959E-5
-1.959E-5
-1.959E-5
-1.959E-5
-1.959E-5
-1.959E-5
-1.959E-5
-1.959E-5
-1.959E-5
-1.959E-5
-1.959E-5
-1.959E-5
-1.959E-5
-1.959E-5
-1.959E-5
-1.959E-5
-1.959E-5
-1.959E-5
-1.959E-5
-1.959E-5
-1.959E-5
-1.959E-5
-1.959E-5
-1.959E-5
-1.959E-5
-1.959E-5
-1.959E-5
-1.959E-5
-1.959E-5
-1.959E-5
-1.959E-5
-1.959E-5
-1.959E-5
-1.959E-5
-1.959E-5
-1.959E-5
-1.959E-5
-1.959E-5
-1.959E-5
-1.959E-5
-1.959E-5
-1.959E-5
-1.959E-5
-1.959E-5
-1.959E-5
-1.959E-5
-1.959E-5
-1.959E-5
-1.959E-5
-1.959E-5
-1.959E-5
-1.959E-5
-1.959E-5
-1.959E-5
-1.959E-5
-1.959E-5
-1.959E-5
-1.959E-5
-1.959E-5
-1.959E-5
-1.959E-5
-1.959E-5
-1.959E-5
-1.959E-5
-1.959E-5
-1.959E-5
-1.959E-5
-1.959E-5
-1.959E-5
-1.959E-5
-1.959E-5
-1.959E-5
-1.959E-5
-1.959E-5
-1.959E-5
-1.959E-5
-1.959E-5
-1.959E-5
-1.959E-5
-1.959E-5
-1.959E-5
-1.959E-5
-1.959E-5
-1.959E-5
-1.959E-5
-1.959E-5
-1.959E-5
-1.959E-5
-1.959E-5
-1.959E-5
-1.959E-5
-1.959E-5
-1.959E-5
-1.959E-5
-1.959E-5
-1.959E-5
-1.959E-5
-1.959E-5
-1.959E-5
-1.959E-5
-1.959E-5
-1.959E-5
-1.959E-5
-1.959E-5
-1.959E-5
-1.959E-5
-1.959E-5
-1.959E-5
-1.959E-5
-1.959E-5
-1.959E-5
-1.959E-5
-1.959E-5
-1.959E-5
-1.959E-5
-1.959E-5
-1.959E-5
-1.959E-5
-1.959E-5
-1.959E-5
-1.959E-5
-1.959E-5
-1.959E-5
-1.959E-5
-1.959E-5
-1.959E-5
-1.959E-5
-1.959E-5
-1.959E-5
-1.959E-5
-1.959E-5
-1.959E-5
-1.959E-5
-1.959E-5
-1.959E-5
-1.959E-5
-1.959E-5
-1.959E-5
-1.959E-5
-1.959E-5
-1.959E-5
-1.959E-5
-1.959E-5
-1.959E-5
-1.959E-5
-1.959E-5
-1.959E-5
-1.959E-5
-1.959E-5
-1.959E-5
-1.959E-5
-1.959E-5
-1.959E-5
-1.959E-5
-1.959E-5
-1.959E-5
-1.959E-5
-1.959E-5
-1.959E-5
-1.959E-5
-1.959E-5
-1.959E-5
-1.959E-5
-1.959E-5
-1.959E-5
-1.959E-5
-1.959E-5
-1.959E-5
-1.959E-5
-1.959E-5
-1.959E-5
-1.959E-5
-1.959E-5
-1.959E-5
-1.959E-5
-1.959E-5
-1.959E-5
-1.959E-5
-1.959E-5
-1.959E-5
-1.959E-5
-1.959E-5
-1.959E-5
-1.959E-5
-1.959E-5
-1.959E-5
-1.959E-5
-1.959E-5
-1.959E-5
-1.959E-5
-1.959E-5
-1.959E-5
-1.959E-5
-1.959E-5
-1.959E-5
-1.959E-5
-1.959E-5
-1.959E-5
-1.959E-5
-1.959E-5
-1.959E-5
-1.959E-5
-1.959E-5
-1.959E-5
-1.959E-5
-1.959E-5
-1.959E-5
-1.959E-5
-1.959E-5
-1.959E-5
-1.959E-5
-1.959E-5
-1.959E-5
-1.959E-5
-1.959E-5
-1.959E-5
-1.959E-5
-1.959E-5
-1.959E-5
-1.959E-5
-1.959E-5
-1.959E-5
-1.959E-5
-1.959E-5
-1.959E-5
-1.959E-5
-1.959E-5
-1.959E-5
-1.959E-5
-1.959E-5
-1.959E-5
-1.959E-5
-1.959E-5
-1.959E-5
-1.959E-5
-1.959E-5
-1.959E-5
-1.959E-5
-1.959E-5
-1.959E-5
-1.959E-5
-1.959E-5
-1.959E-5
-1.959E-5
-1.959E-5
-1.959E-5
-1.959E-5
-1.959E-5
-1.959E-5
-1.959E-5
-1.959E-5
-1.959E-5
-1.959E-5
-1.959E-5
-1.959E-5
-1.959E-5
-1.959E-5
-1.959E-5
-1.959E-5
-1.959E-5
-1.959E-5
-1.959E-5
-1.959E-5
-1.959E-5
-1.959E-5
-1.959E-5
-1.959E-5
-1.959E-5
-1.959E-5
-1.959E-5
-1.959E-5
-1.959E-5
-1.959E-5
-1.959E-5
-1.959E-5
-1.959E-5
-1.959E-5
-1.959E-5
-1.959E-5
-1.959E-5
-1.959E-5
-1.959E-5
-1.959E-5
-1.959E-5
-1.959E-5
-1.959E-5
-1.959E-5
-1.959E-5
-1.959E-5
-1.959E-5
-1.959E-5
-1.959E-5
-1.959E-5
-1.959E-5
-1.959E-5
-1.959E-5
-1.959E-5
-1.959E-5
-1.959E-5
-1.959E-5
-1.959E-5
-1.959E-5
-1.959E-5
-1.959E-5
-1.959E-5
-1.959E-5
-1.959E-5
-1.959E-5
-1.959E-5
-1.959E-5
-1.959E-5
-1.959E-5
-1.959E-5
-1.959E-5
-1.959E-5
-1.959E-5
-1.959E-5
-1.959E-5
-1.959E-5
-1.959E-5
-1.959E-5
-1.959E-5
-1.959E-5
-1.959E-5
-1.959E-5
-1.959E-5
-1.959E-5
-1.959E-5
-1.959E-5
-1.959E-5
-1.959E-5
-1.959E-5
-1.959E-5
-1.959E-5
-1.959E-5
-1.959E-5
-1.959E-5
-1.959E-5
-1.959E-5
-1.959E-5
-1.959E-5
-1.959E-5
-1.959E-5
-1.959E-5
-1.959E-5
-1.959E-5
-1.959E-5
-1.959E-5
-1.959E-5
-1.959E-5
-1.959E-5
-1.959E-5
-1.959E-5
-1.959E-5
-1.959E-5
-1.959E-5
-1.959E-5
-1.959E-5
-1.959E-5
-1.959E-5
-1.959E-5
-1.959E-5
-1.959E-5
-1.959E-5
-1.959E-5
-1.959E-5
-1.959E-5
-1.959E-5
-1.959E-5
-1.959E-5
-1.959E-5
-1.959E-5
-1.959E-5
-1.959E-5
-1.959E-5
-1.959E-5
-1.959E-5
-1.959E-5
-1.959E-5
-1.959E-5
-1.959E-5
-1.959E-5
-1.959E-5
-1.959E-5
-1.959E-5
-1.959E-5
-1.959E-5
-1.959E-5
-1.959E-5
-1.959E-5
-1.959E-5
-1.959E-5
-1.959E-5
-1.959E-5
-1.959E-5
-1.959E-5
-1.959E-5
-1.959E-5
-1.959E-5
-1.959E-5
-1.959E-5
-1.959E-5
-1.959E-5
-1.959E-5
-1.959E-5
-1.959E-5
-1.959E-5
-1.959E-5
-1.959E-5
-1.959E-5
-1.959E-5
-1.959E-5
-1.959E-5
-1.959E-5
-1.959E-5
-1.959E-5
-1.959E-5
-1.959E-5
-1.959E-5
-1.959E-5
-1.959E-5
-1.959E-5
-1.959E-5
-1.959E-5
-1.959E-5
-1.959E-5
-1.959E-5
-1.959E-5
-1.959E-5
-1.959E-5
-1.959E-5
-1.959E-5
-1.959E-5
-1.959E-5
-1.959E-5
-1.959E-5
-1.959E-5
-1.959E-5
-1.959E-5
-1.959E-5
-1.959E-5
-1.959E-5
-1.959E-5
-1.959E-5
-1.959E-5
-1.959E-5
-1.959E-5
-1.959E-5
-1.959E-5
-1.959E-5
-1.959E-5
-1.959E-5
-1.959E-5
-1.959E-5
-1.959E-5
-1.959E-5
-1.959E-5
-1.959E-5
-1.959E-5
-1.959E-5
-1.959E-5
-1.959E-5
-1.959E-5
-1.959E-5
-1.959E-5
-1.959E-5
-1.959E-5
-1.959E-5
-1.959E-5
-1.959E-5
-1.959E-5
-1.959E-5
-1.959E-5
-1.959E-5
-1.959E-5
-1.959E-5
-1.959E-5
-1.959E-5
-1.959E-5
-1.959E-5
-1.959E-5
-1.959E-5
-1.959E-5
-1.959E-5
-1.959E-5
-1.959E-5
-1.959E-5
-1.959E-5
-1.959E-5
-1.959E-5
-1.959E-5
-1.959E-5
-1.959E-5
-1.959E-5
-1.959E-5
-1.959E-5
-1.959E-5
-1.959E-5
-1.959E-5
-1.959E-5
-1.959E-5
-1.959E-5
-1.959E-5
-1.959E-5
-1.959E-5
-1.959E-5
-1.959E-5
-1.959E-5
-1.959E-5
-1.959E-5
-1.959E-5
-1.959E-5
-1.959E-5
-1.959E-5
-1.959E-5
-1.959E-5
-1.959E-5
-1.959E-5
-1.959E-5
-1.959E-5
-1.959E-5
-1.959E-5
-1.959E-5
-1.959E-5
-1.959E-5
-1.959E-5
-1.959E-5
-1.959E-5
-1.959E-5
-1.959E-5
-1.959E-5
-1.959E-5
-1.959E-5
-1.959E-5
-1.959E-5
-1.959E-5
-1.959E-5
-1.959E-5
-1.959E-5
-1.959E-5
-1.959E-5
-1.959E-5
-1.959E-5
-1.959E-5
-1.959E-5
-1.959E-5
-1.959E-5
-1.959E-5
-1.959E-5
-1.959E-5
-1.959E-5
-1.959E-5
-1.959E-5
-1.959E-5
-1.959E-5
-1.959E-5
-1.959E-5
-1.959E-5
-1.959E-5
-1.959E-5
-1.959E-5
-1.959E-5
-1.959E-5
-1.959E-5
-1.959E-5
-1.959E-5
-1.959E-5
-1.959E-5
-1.959E-5
-1.959E-5
-1.959E-5
-1.959E-5
-1.959E-5
-1.959E-5
-1.959E-5
-1.959E-5
-1.959E-5
-1.959E-5
-1.959E-5
-1.959E-5
-1.959E-5
-1.959E-5
-1.959E-5
-1.959E-5
-1.959E-5
-1.959E-5
-1.959E-5
-1.959E-5
-1.959E-5
-1.959E-5
-1.959E-5
-1.959E-5
-1.959E-5
-1.959E-5
-1.959E-5
-1.959E-5
-1.959E-5
-1.959E-5
-1.959E-5
-1.959E-5
-1.959E-5
-1.959E-5
-1.959E-5
-1.959E-5
-1.959E-5
-1.959E-5
-1.959E-5
-1.959E-5
-1.959E-5
-1.959E-5
-1.959E-5
-1.959E-5
-1.959E-5
-1.959E-5
-1.959E-5
-1.959E-5
-1.959E-5
-1.959E-5
-1.959E-5
-1.959E-5
-1.959E-5
-1.959E-5
-1.959E-5
-1.959E-5
-1.959E-5
-1.959E-5
-1.959E-5
-1.959E-5
-1.959E-5
-1.959E-5
-1.959E-5
-1.959E-5
-1.959E-5
-1.959E-5
-1.959E-5
-1.959E-5
-1.959E-5
-1.959E-5
-1.959E-5
-1.959E-5
-1.959E-5
-1.959E-5
-1.959E-5
-1.959E-5
-1.959E-5
-1.959E-5
-1.959E-5
-1.959E-5
-1.959E-5
-1.959E-5
-1.959E-5
-1.959E-5
-1.959E-5
-1.959E-5
-1.959E-5
-1.959E-5
-1.959E-5
-1.959E-5
-1.959E-5
-1.959E-5
-1.959E-5
-1.959E-5
-1.959E-5
-1.959E-5
-1.959E-5
-1.959E-5
-1.959E-5
-1.959E-5
-1.959E-5
-1.959E-5
-1.959E-5
-1.959E-5
-1.959E-5
-1.959E-5
-1.959E-5
-1.959E-5
-1.959E-5
-1.959E-5
-1.959E-5
-1.959E-5
-1.959E-5
-1.959E-5
-1.959E-5
-1.959E-5
-1.959E-5
-1.959E-5
-1.959E-5
-1.959E-5
-1.959E-5
-1.959E-5
-1.959E-5
-1.959E-5
-1.959E-5
-1.959E-5
-1.959E-5
-1.959E-5
-1.959E-5
-1.959E-5
-1.959E-5
-1.959E-5
-1.959E-5
-1.959E-5
-1.959E-5
-1.959E-5
-1.959E-5
-1.959E-5
-1.959E-5
-1.959E-5
-1.959E-5
-1.959E-5
-1.959E-5
-1.959E-5
-1.959E-5
-1.959E-5
-1.959E-5
-1.959E-5
-1.959E-5
-1.959E-5
-1.959E-5
-1.959E-5
-1.959E-5
-1.959E-5
-1.959E-5
-1.959E-5
-1.959E-5
-1.959E-5
-1.959E-5
-1.959E-5
-1.959E-5
-1.959E-5
-1.959E-5
-1.959E-5
-1.959E-5
-1.959E-5
-1.959E-5
-1.959E-5
-1.959E-5
-1.959E-5
-1.959E-5
-1.959E-5
-1.959E-5
-1.959E-5
-1.959E-5
-1.959E-5
-1.959E-5
-1.959E-5
-1.959E-5
-1.959E-5
-1.959E-5
-1.959E-5
-1.959E-5
-1.959E-5
-1.959E-5
-1.959E-5
-1.959E-5
-1.959E-5
-1.959E-5
-1.959E-5
-1.959E-5
-1.959E-5
-1.959E-5
-1.959E-5
-1.959E-5
-1.959E-5
-1.959E-5
-1.959E-5
-1.959E-5
-1.959E-5
-1.959E-5
-1.959E-5
-1.959E-5
-1.959E-5
-1.959E-5
-1.959E-5
-1.959E-5
-1.959E-5
-1.959E-5
-1.959E-5
-1.959E-5
-1.959E-5
-1.959E-5
-1.959E-5
-1.959E-5
-1.959E-5
-1.959E-5
-1.959E-5
-1.959E-5
-1.959E-5
-1.959E-5
-1.959E-5
-1.959E-5
-1.959E-5
-1.959E-5
-1.959E-5
-1.959E-5
-1.959E-5
-1.959E-5
-1.959E-5
-1.959E-5
-1.959E-5
-1.959E-5
-1.959E-5
-1.959E-5
-1.959E-5
-1.959E-5
-1.959E-5
-1.959E-5
-1.959E-5
-1.959E-5
-1.959E-5
-1.959E-5
-1.959E-5
-1.959E-5
-1.959E-5
-1.959E-5
-1.959E-5
-1.959E-5
-1.959E-5
-1.959E-5
-1.959E-5
-1.959E-5
-1.959E-5
-1.959E-5
-1.959E-5
-1.959E-5
-1.959E-5
-1.959E-5
-1.959E-5
-1.959E-5
-1.959E-5
-1.959E-5
-1.959E-5
-1.959E-5
-1.959E-5
-1.959E-5
-1.959E-5
-1.959E-5
-1.959E-5
-1.959E-5
-1.959E-5
-1.959E-5
-1.959E-5
-1.959E-5
-1.959E-5
-1.959E-5
-1.959E-5
-1.959E-5
-1.959E-5
-1.959E-5
-1.959E-5
-1.959E-5
-1.959E-5
-1.959E-5
-1.959E-5
-1.959E-5
-1.959E-5
-1.959E-5
-1.959E-5
9.659E-3
4.837E-2
6.773E-2
8.709E-2
1.258E-1
1.645E-1
1.936E-1
2.419E-1
2.903E-1
3.387E-1
3.484E-1
4.162E-1
4.549E-1
4.839E-1
5.323E-1
5.613E-1
6.000E-1
6.291E-1
6.581E-1
6.872E-1
6.968E-1
7.259E-1
7.452E-1
7.646E-1
7.839E-1
8.033E-1
8.227E-1
8.323E-1
8.323E-1
8.420E-1
8.517E-1
8.517E-1
8.517E-1
8.614E-1
8.517E-1
8.420E-1
8.420E-1
8.130E-1
7.936E-1
7.743E-1
7.743E-1
7.162E-1
6.872E-1
6.775E-1
6.194E-1
5.904E-1
5.613E-1
5.129E-1
4.742E-1
4.355E-1
4.355E-1
3.581E-1
3.194E-1
3.000E-1
2.226E-1
1.839E-1
1.452E-1
8.709E-2
3.869E-2
-1.938E-2
-1.938E-2
-1.065E-1
-1.549E-1
-1.742E-1
-2.420E-1
-2.904E-1
-3.194E-1
-3.775E-1
-4.259E-1
-4.743E-1
-4.743E-1
-5.420E-1
-5.807E-1
-5.904E-1
-6.388E-1
-6.775E-1
-6.969E-1
-7.259E-1
-7.549E-1
-7.743E-1
-7.743E-1
-8.033E-1
-8.227E-1
-8.227E-1
-8.421E-1
-8.517E-1
-8.517E-1
-8.517E-1
-8.517E-1
-8.517E-1
-8.421E-1
-8.227E-1
-8.130E-1
-8.033E-1
-7.743E-1
-7.549E-1
-7.356E-1
-7.066E-1
-6.872E-1
-6.582E-1
-6.485E-1
-5.904E-1
-5.517E-1
-5.323E-1
-4.743E-1
-4.356E-1
-3.968E-1
-3.484E-1
-3.001E-1
-2.517E-1
-2.420E-1
-1.936E-1
-1.646E-1
-1.452E-1
-1.162E-1
-9.680E-2
-7.745E-2
-7.745E-2
-7.745E-2
-7.745E-2
-6.777E-2
-6.777E-2
-6.777E-2
-6.777E-2
-6.777E-2
-6.777E-2
-5.809E-2
-4.841E-2
-3.873E-2
-2.906E-2
-1.938E-2
-1.938E-2
-1.938E-2
-9.698E-3
-9.698E-3
-9.698E-3
-1.959E-5
-1.959E-5
-1.959E-5
-1.959E-5
-1.959E-5
-1.959E-5
-1.959E-5
-1.959E-5
-9.698E-3
-9.698E-3
-9.698E-3
-9.698E-3
-9.698E-3
-9.698E-3
-9.698E-3
-9.698E-3
-9.698E-3
-9.698E-3
-9.698E-3
-9.698E-3
-1.959E-5
-1.959E-5
-1.959E-5
-1.959E-5
-1.959E-5
-1.959E-5
-1.959E-5
-1.959E-5
-9.698E-3
-9.698E-3
-9.698E-3
-9.698E-3
-9.698E-3
-9.698E-3
-9.698E-3
-9.698E-3
-9.698E-3
-9.698E-3
-9.698E-3
-9.698E-3
-1.959E-5
-1.959E-5
-1.959E-5
-1.959E-5
-1.959E-5
-1.959E-5
-1.959E-5
-1.959E-5
-1.959E-5
-1.959E-5
-1.959E-5
-1.959E-5
-1.959E-5
-1.959E-5
-1.959E-5
-1.959E-5
-1.959E-5
-1.959E-5
-1.959E-5
-1.959E-5
-1.959E-5
-1.959E-5
-1.959E-5
-1.959E-5
-1.959E-5
-1.959E-5
-1.959E-5
-1.959E-5
-1.959E-5
-1.959E-5
-1.959E-5
-1.959E-5
-1.959E-5
-1.959E-5
-1.959E-5
-1.959E-5
-1.959E-5
-1.959E-5
-1.959E-5
-1.959E-5
-1.959E-5
-1.959E-5
-1.959E-5
-1.959E-5
-1.959E-5
-1.959E-5
-1.959E-5
-1.959E-5
-1.959E-5
-1.959E-5
-1.959E-5
-1.959E-5
-1.959E-5
-1.959E-5
-1.959E-5
-1.959E-5
-1.959E-5
-1.959E-5
-1.959E-5
-1.959E-5
-1.959E-5
-1.959E-5
-1.959E-5
-1.959E-5
-1.959E-5
-1.959E-5
-1.959E-5
-1.959E-5
-1.959E-5
-1.959E-5
-1.959E-5
-1.959E-5
-1.959E-5
-1.959E-5
-1.959E-5
-1.959E-5
-1.959E-5
-1.959E-5
-1.959E-5
-1.959E-5
-1.959E-5
-1.959E-5
-1.959E-5
-1.959E-5
-1.959E-5
-1.959E-5
-1.959E-5
-1.959E-5
-1.959E-5
-1.959E-5
-1.959E-5
-1.959E-5
-1.959E-5
-1.959E-5
-1.959E-5
-1.959E-5
-1.959E-5
-1.959E-5
-1.959E-5
-1.959E-5
-1.959E-5
-1.959E-5
-1.959E-5
-1.959E-5
-1.959E-5
-1.959E-5
-1.959E-5
-1.959E-5
-1.959E-5
-1.959E-5
-1.959E-5
-1.959E-5
-1.959E-5
-1.959E-5
-1.959E-5
-1.959E-5
-1.959E-5
-1.959E-5
-1.959E-5
-1.959E-5
-1.959E-5
-1.959E-5
-1.959E-5
-1.959E-5
-1.959E-5
-1.959E-5
-1.959E-5
-1.959E-5
-1.959E-5
-1.959E-5
-1.959E-5
-1.959E-5
-1.959E-5
-1.959E-5
-1.959E-5
-1.959E-5
-1.959E-5
-1.959E-5
-1.959E-5
-1.959E-5
-1.959E-5
-1.959E-5
-1.959E-5
-1.959E-5
-1.959E-5
-1.959E-5
-1.959E-5
-1.959E-5
-1.959E-5
-1.959E-5
-1.959E-5
-1.959E-5
-1.959E-5
-1.959E-5
-1.959E-5
-1.959E-5
-1.959E-5
-1.959E-5
-1.959E-5
-1.959E-5
-1.959E-5
-1.959E-5
-1.959E-5
-1.959E-5
-1.959E-5
-1.959E-5
-1.959E-5
-1.959E-5
-1.959E-5
-1.959E-5
-1.959E-5
-1.959E-5
-1.959E-5
-1.959E-5
-1.959E-5
-1.959E-5
-1.959E-5
-1.959E-5
-1.959E-5
-1.959E-5
-1.959E-5
-1.959E-5
-1.959E-5
-1.959E-5
-1.959E-5
-1.959E-5
-1.959E-5
-1.959E-5
-1.959E-5
-1.959E-5
-1.959E-5
-1.959E-5
-1.959E-5
-1.959E-5
-1.959E-5
-1.959E-5
-1.959E-5
-1.959E-5
-1.959E-5
-1.959E-5
-1.959E-5
-1.959E-5
-1.959E-5
-1.959E-5
-1.959E-5
-1.959E-5
-1.959E-5
-1.959E-5
-1.959E-5
-1.959E-5
-1.959E-5
-1.959E-5
-1.959E-5
-1.959E-5
-1.959E-5
-1.959E-5
-1.959E-5
-1.959E-5
-1.959E-5
-1.959E-5
-1.959E-5
-1.959E-5
-1.959E-5
-1.959E-5
-1.959E-5
-1.959E-5
-1.959E-5
-1.959E-5
-1.959E-5
-1.959E-5
-1.959E-5
-1.959E-5
-1.959E-5
-1.959E-5
-1.959E-5
-1.959E-5
-1.959E-5
-1.959E-5
-1.959E-5
-1.959E-5
-1.959E-5
-1.959E-5
-1.959E-5
-1.959E-5
-1.959E-5
-1.959E-5
-1.959E-5
-1.959E-5
-1.959E-5
-1.959E-5
-1.959E-5
-1.959E-5
-1.959E-5
-1.959E-5
-1.959E-5
-1.959E-5
-1.959E-5
-1.959E-5
-1.959E-5
-1.959E-5
-1.959E-5
-1.959E-5
-1.959E-5
-1.959E-5
-1.959E-5
-1.959E-5
-1.959E-5
-1.959E-5
-1.959E-5
-1.959E-5
-1.959E-5
-1.959E-5
-1.959E-5
-1.959E-5
-1.959E-5
-1.959E-5
-1.959E-5
-1.959E-5
-1.959E-5
-1.959E-5
-1.959E-5
-1.959E-5
-1.959E-5
-1.959E-5
-1.959E-5
-1.959E-5
-1.959E-5
-1.959E-5
-1.959E-5
-1.959E-5
-1.959E-5
-1.959E-5
-1.959E-5
-1.959E-5
-1.959E-5
-1.959E-5
-1.959E-5
-1.959E-5
-1.959E-5
-1.959E-5
-1.959E-5
-1.959E-5
-1.959E-5
-1.959E-5
-1.959E-5
-1.959E-5
-1.959E-5
-1.959E-5
-1.959E-5
-1.959E-5
-1.959E-5
-1.959E-5
-1.959E-5
-1.959E-5
-1.959E-5
-1.959E-5
-1.959E-5
-1.959E-5
-1.959E-5
-1.959E-5
-1.959E-5
-1.959E-5
-1.959E-5
-1.959E-5
-1.959E-5
-1.959E-5
-1.959E-5
-1.959E-5
-1.959E-5
-1.959E-5
-1.959E-5
-1.959E-5
-1.959E-5
-1.959E-5
-1.959E-5
-1.959E-5
-1.959E-5
-1.959E-5
-1.959E-5
-1.959E-5
-1.959E-5
-1.959E-5
-1.959E-5
-1.959E-5
-1.959E-5
-1.959E-5
-1.959E-5
-1.959E-5
-1.959E-5
-1.959E-5
-1.959E-5
-1.959E-5
-1.959E-5
-1.959E-5
-1.959E-5
-1.959E-5
-1.959E-5
-1.959E-5
-1.959E-5
-1.959E-5
-1.959E-5
-1.959E-5
-1.959E-5
-1.959E-5
-1.959E-5
-1.959E-5
-1.959E-5
-1.959E-5
-1.959E-5
-1.959E-5
-1.959E-5
-1.959E-5
-1.959E-5
-1.959E-5
-1.959E-5
-1.959E-5
-1.959E-5
-1.959E-5
-1.959E-5
-1.959E-5
-1.959E-5
-1.959E-5
-1.959E-5
-1.959E-5
-1.959E-5
-1.959E-5
-1.959E-5
-1.959E-5
-1.959E-5
-1.959E-5
-1.959E-5
-1.959E-5
-1.959E-5
-1.959E-5
-1.959E-5
-1.959E-5
-1.959E-5
-1.959E-5
-1.959E-5
-1.959E-5
-1.959E-5
-1.959E-5
-1.959E-5
-1.959E-5
-1.959E-5
-1.959E-5
-1.959E-5
-1.959E-5
-1.959E-5
-1.959E-5
-1.959E-5
-1.959E-5
-1.959E-5
-1.959E-5
-1.959E-5
-1.959E-5
-1.959E-5
-1.959E-5
-1.959E-5
-1.959E-5
-1.959E-5
-1.959E-5
-1.959E-5
-1.959E-5
-1.959E-5
-1.959E-5
-1.959E-5
-1.959E-5
-1.959E-5
-1.959E-5
-1.959E-5
-1.959E-5
-1.959E-5
-1.959E-5
-1.959E-5
-1.959E-5
-1.959E-5
-1.959E-5
-1.959E-5
-1.959E-5
-1.959E-5
-1.959E-5
-1.959E-5
-1.959E-5
-1.959E-5
-1.959E-5
-1.959E-5
-1.959E-5
-1.959E-5
-1.959E-5
-1.959E-5
-1.959E-5
-1.959E-5
-1.959E-5
-1.959E-5
-1.959E-5
-1.959E-5
-1.959E-5
-1.959E-5
-1.959E-5
-1.959E-5
-1.959E-5
-1.959E-5
-1.959E-5
-1.959E-5
-1.959E-5
-1.959E-5
-1.959E-5
-1.959E-5
-1.959E-5
-1.959E-5
-1.959E-5
-1.959E-5
-1.959E-5
-1.959E-5
-1.959E-5
-1.959E-5
-1.959E-5
-1.959E-5
-1.959E-5
-1.959E-5
-1.959E-5
-1.959E-5
-1.959E-5
-1.959E-5
-1.959E-5
-1.959E-5
-1.959E-5
-1.959E-5
-1.959E-5
-1.959E-5
-1.959E-5
-1.959E-5
-1.959E-5
-1.959E-5
-1.959E-5
-1.959E-5
-1.959E-5
-1.959E-5
-1.959E-5
-1.959E-5
-1.959E-5
-1.959E-5
-1.959E-5
-1.959E-5
-1.959E-5
-1.959E-5
-1.959E-5
-1.959E-5
-1.959E-5
-1.959E-5
-1.959E-5
-1.959E-5
-1.959E-5
-1.959E-5
-1.959E-5
-1.959E-5
-1.959E-5
-1.959E-5
-1.959E-5
-1.959E-5
-1.959E-5
-1.959E-5
-1.959E-5
-1.959E-5
-1.959E-5
-1.959E-5
-1.959E-5
-1.959E-5
-1.959E-5
-1.959E-5
-1.959E-5
-1.959E-5
-1.959E-5
-1.959E-5
-1.959E-5
-1.959E-5
-1.959E-5
-1.959E-5
-1.959E-5
-1.959E-5
-1.959E-5
-1.959E-5
-1.959E-5
-1.959E-5
-1.959E-5
-1.959E-5
-1.959E-5
-1.959E-5
-1.959E-5
-1.959E-5
-1.959E-5
-1.959E-5
-1.959E-5
-1.959E-5
-1.959E-5
-1.959E-5
-1.959E-5
-1.959E-5
-1.959E-5
-1.959E-5
-1.959E-5
-1.959E-5
-1.959E-5
-1.959E-5
-1.959E-5
-1.959E-5
-1.959E-5
-1.959E-5
-1.959E-5
-1.959E-5
-1.959E-5
-1.959E-5
-1.959E-5
-1.959E-5
-1.959E-5
-1.959E-5
-1.959E-5
-1.959E-5
-1.959E-5
-1.959E-5
-1.959E-5
-1.959E-5
-1.959E-5
-1.959E-5
-1.959E-5
-1.959E-5
-1.959E-5
-1.959E-5
-1.959E-5
-1.959E-5
-1.959E-5
-1.959E-5
-1.959E-5
-1.959E-5
-1.959E-5
-1.959E-5
-1.959E-5
-1.959E-5
-1.959E-5
-1.959E-5
-1.959E-5
-1.959E-5
-1.959E-5
-1.959E-5
-1.959E-5
-1.959E-5
-1.959E-5
-1.959E-5
-1.959E-5
-1.959E-5
-1.959E-5
-1.959E-5
-1.959E-5
-1.959E-5
-1.959E-5
-1.959E-5
-1.959E-5
-1.959E-5
-1.959E-5
-1.959E-5
-1.959E-5
-1.959E-5
-1.959E-5
-1.959E-5
-1.959E-5
-1.959E-5
-1.959E-5
-1.959E-5
-1.959E-5
-1.959E-5
-1.959E-5
-1.959E-5
-1.959E-5
-1.959E-5
-1.959E-5
-1.959E-5
-1.959E-5
-1.959E-5
-1.959E-5
-1.959E-5
-1.959E-5
-1.959E-5
-1.959E-5
-1.959E-5
-1.959E-5
-1.959E-5
-1.959E-5
-1.959E-5
-1.959E-5
-1.959E-5
-1.959E-5
-1.959E-5
-1.959E-5
-1.959E-5
-1.959E-5
-1.959E-5
-1.959E-5
-1.959E-5
-1.959E-5
-1.959E-5
-1.959E-5
-1.959E-5
-1.959E-5
-1.959E-5
-1.959E-5
-1.959E-5
-1.959E-5
-1.959E-5
-1.959E-5
-1.959E-5
-1.959E-5
-1.959E-5
-1.959E-5
-1.959E-5
-1.959E-5
-1.959E-5
-1.959E-5
-1.959E-5
-1.959E-5
-1.959E-5
-1.959E-5
-1.959E-5
-1.959E-5
-1.959E-5
-1.959E-5
-1.959E-5
-1.959E-5
-1.959E-5
-1.959E-5
-1.959E-5
-1.959E-5
-1.959E-5
-1.959E-5
-1.959E-5
-1.959E-5
-1.959E-5
-1.959E-5
-1.959E-5
-1.959E-5
-1.959E-5
-1.959E-5
-1.959E-5
-1.959E-5
-1.959E-5
-1.959E-5
-1.959E-5
-1.959E-5
-1.959E-5
-1.959E-5
-1.959E-5
-1.959E-5
-1.959E-5
-1.959E-5
-1.959E-5
-1.959E-5
-1.959E-5
-1.959E-5
-1.959E-5
-1.959E-5
-1.959E-5
-1.959E-5
-1.959E-5
-1.959E-5
-1.959E-5
-1.959E-5
-1.959E-5
-1.959E-5
-1.959E-5
-1.959E-5
-1.959E-5
-1.959E-5
-1.959E-5
-1.959E-5
-1.959E-5
-1.959E-5
-1.959E-5
-1.959E-5
-1.959E-5
-1.959E-5
-1.959E-5
-1.959E-5
-1.959E-5
-1.959E-5
-1.959E-5
-1.959E-5
-1.959E-5
-1.959E-5
-1.959E-5
-1.959E-5
-1.959E-5
-1.959E-5
-1.959E-5
-1.959E-5
-1.959E-5
-1.959E-5
-1.959E-5
-1.959E-5
-1.959E-5
-1.959E-5
-1.959E-5
-1.959E-5
-1.959E-5
-1.959E-5
-1.959E-5
-1.959E-5
-1.959E-5
-1.959E-5
-1.959E-5
-1.959E-5
-1.959E-5
-1.959E-5
-1.959E-5
-1.959E-5
-1.959E-5
-1.959E-5
-1.959E-5
-1.959E-5
-1.959E-5
-1.959E-5
-1.959E-5
-1.959E-5
-1.959E-5
-1.959E-5
-1.959E-5
-1.959E-5
-1.959E-5
-1.959E-5
-1.959E-5
-1.959E-5
-1.959E-5
-1.959E-5
-1.959E-5
-1.959E-5
-1.959E-5
-1.959E-5
-1.959E-5
-1.959E-5
-1.959E-5
-1.959E-5
-1.959E-5
-1.959E-5
-1.959E-5
-1.959E-5
-1.959E-5
-1.959E-5
-1.959E-5
-1.959E-5
-1.959E-5
-1.959E-5
-1.959E-5
-1.959E-5
-1.959E-5
-1.959E-5
-1.959E-5
-1.959E-5
-1.959E-5
-1.959E-5
-1.959E-5
-1.959E-5
-1.959E-5
-1.959E-5
-1.959E-5
-1.959E-5
-1.959E-5
-1.959E-5
-1.959E-5
-1.959E-5
-1.959E-5
-1.959E-5
-1.959E-5
-1.959E-5
