2.500E-10
-2.500E-7
-7.301E-2
-7.301E-2
-7.301E-2
-7.301E-2
-7.301E-2
-7.301E-2
-7.301E-2
-7.301E-2
-7.301E-2
-7.301E-2
-7.301E-2
-7.301E-2
-7.301E-2
-7.301E-2
-7.301E-2
-7.301E-2
-7.301E-2
-7.301E-2
-7.301E-2
-7.301E-2
-7.301E-2
-7.301E-2
-7.301E-2
-7.301E-2
-7.301E-2
-7.301E-2
-7.301E-2
-7.301E-2
-7.301E-2
-7.301E-2
-7.301E-2
-7.301E-2
-7.301E-2
-7.301E-2
-7.301E-2
-7.301E-2
-7.301E-2
-7.301E-2
-7.301E-2
-7.301E-2
-7.301E-2
-7.301E-2
-7.301E-2
-7.301E-2
-7.301E-2
-7.301E-2
-7.301E-2
-7.301E-2
-7.301E-2
-7.301E-2
-7.301E-2
-7.301E-2
-7.301E-2
-7.301E-2
-7.301E-2
-7.301E-2
-7.301E-2
-7.301E-2
-7.301E-2
-7.301E-2
-7.301E-2
-7.301E-2
-7.301E-2
-7.301E-2
-7.301E-2
-7.301E-2
-7.301E-2
-7.301E-2
-7.301E-2
-7.301E-2
-7.301E-2
-7.301E-2
-7.301E-2
-7.301E-2
-7.301E-2
-7.301E-2
-7.301E-2
-7.301E-2
-7.301E-2
-7.301E-2
-7.301E-2
-7.301E-2
-7.301E-2
-7.301E-2
-7.301E-2
-7.301E-2
-7.301E-2
-7.301E-2
-7.301E-2
-7.301E-2
-7.301E-2
-7.301E-2
-7.301E-2
-7.301E-2
-7.301E-2
-7.301E-2
-7.301E-2
-7.301E-2
-7.301E-2
-7.301E-2
-7.301E-2
-7.301E-2
-7.301E-2
-7.301E-2
-7.301E-2
-7.301E-2
-7.301E-2
-7.301E-2
-7.301E-2
-7.301E-2
-7.301E-2
-7.301E-2
-7.301E-2
-7.301E-2
-7.301E-2
-7.301E-2
-7.301E-2
-7.301E-2
-7.301E-2
-7.301E-2
-7.301E-2
-7.301E-2
-7.301E-2
-7.301E-2
-7.301E-2
-7.301E-2
-7.301E-2
-7.301E-2
-7.301E-2
-7.301E-2
-7.301E-2
-7.301E-2
-7.301E-2
-7.301E-2
-7.301E-2
-7.301E-2
-7.301E-2
-7.301E-2
-7.301E-2
-7.301E-2
-7.301E-2
-7.301E-2
-7.301E-2
-7.301E-2
-7.301E-2
-7.301E-2
-7.301E-2
-7.301E-2
-7.301E-2
-7.301E-2
-7.301E-2
-7.301E-2
-7.301E-2
-7.301E-2
-7.301E-2
-7.301E-2
-7.301E-2
-7.301E-2
-7.301E-2
-7.301E-2
-7.301E-2
-7.301E-2
-7.301E-2
-7.301E-2
-7.301E-2
-7.301E-2
-7.301E-2
-7.301E-2
-7.301E-2
-7.301E-2
-7.301E-2
-7.301E-2
-7.301E-2
-7.301E-2
-7.301E-2
-7.301E-2
-7.301E-2
-7.301E-2
-7.301E-2
-7.301E-2
-7.301E-2
-7.301E-2
-7.301E-2
-7.301E-2
-7.301E-2
-7.301E-2
-7.301E-2
-7.301E-2
-7.301E-2
-7.301E-2
-7.301E-2
-7.301E-2
-7.301E-2
-7.301E-2
-7.301E-2
-7.301E-2
-7.301E-2
-7.301E-2
-7.301E-2
-7.301E-2
-7.301E-2
-7.301E-2
-7.301E-2
-7.301E-2
-7.301E-2
-7.301E-2
-7.301E-2
-7.301E-2
-7.301E-2
-7.301E-2
-7.301E-2
-7.301E-2
-7.301E-2
-7.301E-2
-7.301E-2
-7.301E-2
-7.301E-2
-7.301E-2
-7.301E-2
-7.301E-2
-7.301E-2
-7.301E-2
-7.301E-2
-7.301E-2
-7.301E-2
-7.301E-2
-7.301E-2
-7.301E-2
-7.301E-2
-7.301E-2
-7.301E-2
-7.301E-2
-7.301E-2
-7.301E-2
-7.301E-2
-7.301E-2
-7.301E-2
-7.301E-2
-7.301E-2
-7.301E-2
-7.301E-2
-7.301E-2
-7.301E-2
-7.301E-2
-7.301E-2
-7.301E-2
-7.301E-2
-7.301E-2
-7.301E-2
-7.301E-2
-7.301E-2
-7.301E-2
-7.301E-2
-7.301E-2
-7.301E-2
-7.301E-2
-7.301E-2
-7.301E-2
-7.301E-2
-7.301E-2
-7.301E-2
-7.301E-2
-7.301E-2
-7.301E-2
-7.301E-2
-7.301E-2
-7.301E-2
-7.301E-2
-7.301E-2
-7.301E-2
-7.301E-2
-7.301E-2
-7.301E-2
-7.301E-2
-7.301E-2
-7.301E-2
-7.301E-2
-7.301E-2
-7.301E-2
-7.301E-2
-7.301E-2
-7.301E-2
-7.301E-2
-7.301E-2
-7.301E-2
-7.301E-2
-7.301E-2
-7.301E-2
-7.301E-2
-7.301E-2
-7.301E-2
-7.301E-2
-7.301E-2
-7.301E-2
-7.301E-2
-7.301E-2
-7.301E-2
-7.301E-2
-7.301E-2
-7.301E-2
-7.301E-2
-7.301E-2
-7.301E-2
-7.301E-2
-7.301E-2
-7.301E-2
-7.301E-2
-7.301E-2
-7.301E-2
-7.301E-2
-7.301E-2
-7.301E-2
-7.301E-2
-7.301E-2
-7.301E-2
-7.301E-2
-7.301E-2
-7.301E-2
-7.301E-2
-7.301E-2
-7.301E-2
-7.301E-2
-7.301E-2
-7.301E-2
-7.301E-2
-7.301E-2
-7.301E-2
-7.301E-2
-7.301E-2
-7.301E-2
-7.301E-2
-7.301E-2
-7.301E-2
-7.301E-2
-7.301E-2
-7.301E-2
-7.301E-2
-7.301E-2
-7.301E-2
-7.301E-2
-7.301E-2
-7.301E-2
-7.301E-2
-7.301E-2
-7.301E-2
-7.301E-2
-7.301E-2
-7.301E-2
-7.301E-2
-7.301E-2
-7.301E-2
-7.301E-2
-7.301E-2
-7.301E-2
-7.301E-2
-7.301E-2
-7.301E-2
-7.301E-2
-7.301E-2
-7.301E-2
-7.301E-2
-7.301E-2
-7.301E-2
-7.301E-2
-7.301E-2
-7.301E-2
-7.301E-2
-7.301E-2
-7.301E-2
-7.301E-2
-7.301E-2
-7.301E-2
-7.301E-2
-7.301E-2
-7.301E-2
-7.301E-2
-7.301E-2
-7.301E-2
-7.301E-2
-7.301E-2
-7.301E-2
-7.301E-2
-7.301E-2
-7.301E-2
-7.301E-2
-7.301E-2
-7.301E-2
-7.301E-2
-7.301E-2
-7.301E-2
-7.301E-2
-7.301E-2
-7.301E-2
-7.301E-2
-7.301E-2
-7.301E-2
-7.301E-2
-7.301E-2
-7.301E-2
-7.301E-2
-7.301E-2
-7.301E-2
-7.301E-2
-7.301E-2
-7.301E-2
-7.301E-2
-7.301E-2
-7.301E-2
-7.301E-2
-7.301E-2
-7.301E-2
-7.301E-2
-7.301E-2
-7.301E-2
-7.301E-2
-7.301E-2
-7.301E-2
-7.301E-2
-7.301E-2
-7.301E-2
-7.301E-2
-7.301E-2
-7.301E-2
-7.301E-2
-7.301E-2
-7.301E-2
-7.301E-2
-7.301E-2
-7.301E-2
-7.301E-2
-7.301E-2
-7.301E-2
-7.301E-2
-7.301E-2
-7.301E-2
-7.301E-2
-7.301E-2
-7.301E-2
-7.301E-2
-7.301E-2
-7.301E-2
-7.301E-2
-7.301E-2
-7.301E-2
-7.301E-2
-7.301E-2
-7.301E-2
-7.301E-2
-7.301E-2
-7.301E-2
-7.301E-2
-7.301E-2
-7.301E-2
-7.301E-2
-7.301E-2
-7.301E-2
-7.301E-2
-7.301E-2
-7.301E-2
-7.301E-2
-7.301E-2
-7.301E-2
-7.301E-2
-7.301E-2
-7.301E-2
-7.301E-2
-7.301E-2
-7.301E-2
-7.301E-2
-7.301E-2
-7.301E-2
-7.301E-2
-7.301E-2
-7.301E-2
-7.301E-2
-7.301E-2
-7.301E-2
-7.301E-2
-7.301E-2
-7.301E-2
-7.301E-2
-7.301E-2
-7.301E-2
-7.301E-2
-7.301E-2
-7.301E-2
-7.301E-2
-7.301E-2
-7.301E-2
-7.301E-2
-7.301E-2
-7.301E-2
-7.301E-2
-7.301E-2
-7.301E-2
-7.301E-2
-7.301E-2
-7.301E-2
-7.301E-2
-7.301E-2
-7.301E-2
-7.301E-2
-7.301E-2
-7.301E-2
-7.301E-2
-7.301E-2
-7.301E-2
-7.301E-2
-7.301E-2
-7.301E-2
-7.301E-2
-7.301E-2
-7.301E-2
-7.301E-2
-7.301E-2
-7.301E-2
-7.301E-2
-7.301E-2
-7.301E-2
-7.301E-2
-7.301E-2
-7.301E-2
-7.301E-2
-7.301E-2
-7.301E-2
-7.301E-2
-7.301E-2
-7.301E-2
-7.301E-2
-7.301E-2
-7.301E-2
-7.301E-2
-7.301E-2
-7.301E-2
-7.301E-2
-7.301E-2
-7.301E-2
-7.301E-2
-7.301E-2
-7.301E-2
-7.301E-2
-7.301E-2
-7.301E-2
-7.301E-2
-7.301E-2
-7.301E-2
-7.301E-2
-7.301E-2
-7.301E-2
-7.301E-2
-7.301E-2
-7.301E-2
-7.301E-2
-7.301E-2
-7.301E-2
-7.301E-2
-7.301E-2
-7.301E-2
-7.301E-2
-7.301E-2
-7.301E-2
-7.301E-2
-7.301E-2
-7.301E-2
-7.301E-2
-7.301E-2
-7.301E-2
-7.301E-2
-7.301E-2
-7.301E-2
-7.301E-2
-7.301E-2
-7.301E-2
-7.301E-2
-7.301E-2
-7.301E-2
-7.301E-2
-7.301E-2
-7.301E-2
-7.301E-2
-7.301E-2
-7.301E-2
-7.301E-2
-7.301E-2
-7.301E-2
-7.301E-2
-7.301E-2
-7.301E-2
-7.301E-2
-7.301E-2
-7.301E-2
-7.301E-2
-7.301E-2
-7.301E-2
-7.301E-2
-7.301E-2
-7.301E-2
-7.301E-2
-7.301E-2
-7.301E-2
-7.301E-2
-7.301E-2
-7.301E-2
-7.301E-2
-7.301E-2
-7.301E-2
-7.301E-2
-7.301E-2
-7.301E-2
-7.301E-2
-7.301E-2
-7.301E-2
-7.301E-2
-7.301E-2
-7.301E-2
-7.301E-2
-7.301E-2
-7.301E-2
-7.301E-2
-7.301E-2
-7.301E-2
-7.301E-2
-7.301E-2
-7.301E-2
-7.301E-2
-7.301E-2
-7.301E-2
-7.301E-2
-7.301E-2
-7.301E-2
-7.301E-2
-7.301E-2
-7.301E-2
-7.301E-2
-7.301E-2
-7.301E-2
-7.301E-2
-7.301E-2
-7.301E-2
-7.301E-2
-7.301E-2
-7.301E-2
-7.301E-2
-7.301E-2
-7.301E-2
-7.301E-2
-7.301E-2
-7.301E-2
-7.301E-2
-7.301E-2
-7.301E-2
-7.301E-2
-7.301E-2
-7.301E-2
-7.301E-2
-7.301E-2
-7.301E-2
-7.301E-2
-7.301E-2
-7.301E-2
-7.301E-2
-7.301E-2
-7.301E-2
-7.301E-2
-7.301E-2
-7.301E-2
-7.301E-2
-7.301E-2
-7.301E-2
-7.301E-2
-7.301E-2
-7.301E-2
-7.301E-2
-7.301E-2
-7.301E-2
-7.301E-2
-7.301E-2
-7.301E-2
-7.301E-2
-7.301E-2
-7.301E-2
-7.301E-2
-7.301E-2
-7.301E-2
-7.301E-2
-7.301E-2
-7.301E-2
-7.301E-2
-7.301E-2
-7.301E-2
-7.301E-2
-7.301E-2
-7.301E-2
-7.301E-2
-7.301E-2
-7.301E-2
-7.301E-2
-7.301E-2
-7.301E-2
-7.301E-2
-7.301E-2
-7.301E-2
-7.301E-2
-7.301E-2
-7.301E-2
-7.301E-2
-7.301E-2
-7.301E-2
-7.301E-2
-7.301E-2
-7.301E-2
-7.301E-2
-7.301E-2
-7.301E-2
-7.301E-2
-7.301E-2
-7.301E-2
-7.301E-2
-7.301E-2
-7.301E-2
-7.301E-2
-7.301E-2
-7.301E-2
-7.301E-2
-7.301E-2
-7.301E-2
-7.301E-2
-7.301E-2
-7.301E-2
-7.301E-2
-7.301E-2
-7.301E-2
-7.301E-2
-7.301E-2
-7.301E-2
-7.301E-2
-7.301E-2
-7.301E-2
-7.301E-2
-7.301E-2
-7.301E-2
-7.301E-2
-7.301E-2
-7.301E-2
-7.301E-2
-7.301E-2
-7.301E-2
-7.301E-2
-7.301E-2
-7.301E-2
-7.301E-2
-7.301E-2
-7.301E-2
-7.301E-2
-7.301E-2
-7.301E-2
-7.301E-2
-7.301E-2
-7.301E-2
-7.301E-2
-7.301E-2
-7.301E-2
-7.301E-2
-7.301E-2
-7.301E-2
-7.301E-2
-7.301E-2
-7.301E-2
-7.301E-2
-7.301E-2
-7.301E-2
-7.301E-2
-7.301E-2
-7.301E-2
-7.301E-2
-7.301E-2
-7.301E-2
-7.301E-2
-7.301E-2
-7.301E-2
-7.301E-2
-7.301E-2
-7.301E-2
-7.301E-2
-7.301E-2
-7.301E-2
-7.301E-2
-7.301E-2
-7.301E-2
-7.301E-2
-7.301E-2
-7.301E-2
-7.301E-2
-7.301E-2
-7.301E-2
-7.301E-2
-7.301E-2
-7.301E-2
-7.301E-2
-7.301E-2
-7.301E-2
-7.301E-2
-7.301E-2
-7.301E-2
-7.301E-2
-7.301E-2
-7.301E-2
-7.301E-2
-7.301E-2
-7.301E-2
-7.301E-2
-7.301E-2
-7.301E-2
-7.301E-2
-7.301E-2
-7.301E-2
-7.301E-2
-7.301E-2
-7.301E-2
-7.301E-2
-7.301E-2
-7.301E-2
-7.301E-2
-7.301E-2
-7.301E-2
-7.301E-2
-7.301E-2
-7.301E-2
-7.301E-2
-7.301E-2
-7.301E-2
-7.301E-2
-7.301E-2
-7.301E-2
-7.301E-2
-7.301E-2
-7.301E-2
-7.301E-2
-7.301E-2
-7.301E-2
-7.301E-2
-7.301E-2
-7.301E-2
-7.301E-2
-7.301E-2
-7.301E-2
-7.301E-2
-7.301E-2
-7.301E-2
-7.301E-2
-7.301E-2
-7.301E-2
-7.301E-2
-7.301E-2
-7.301E-2
-7.301E-2
-7.301E-2
-7.301E-2
-7.301E-2
-7.301E-2
-7.301E-2
-7.301E-2
-7.301E-2
-7.301E-2
-7.301E-2
-7.301E-2
-7.301E-2
-7.301E-2
-7.301E-2
-7.301E-2
-7.301E-2
-7.301E-2
-7.301E-2
-7.301E-2
-7.301E-2
-7.301E-2
-7.301E-2
-7.301E-2
-7.301E-2
-7.301E-2
-7.301E-2
-7.301E-2
-7.301E-2
-7.301E-2
-7.301E-2
-7.301E-2
-7.301E-2
-7.301E-2
-7.301E-2
-7.301E-2
-6.333E-2
-6.333E-2
-6.333E-2
-6.333E-2
-6.333E-2
-6.333E-2
-6.333E-2
-6.333E-2
-5.366E-2
-5.366E-2
-5.366E-2
-5.366E-2
-4.398E-2
-4.398E-2
-4.398E-2
-3.430E-2
-3.430E-2
-2.462E-2
-2.462E-2
-2.462E-2
-1.494E-2
-1.494E-2
-1.494E-2
-5.262E-3
-5.262E-3
4.416E-3
4.416E-3
1.409E-2
1.409E-2
2.377E-2
2.377E-2
3.345E-2
3.345E-2
4.313E-2
4.313E-2
5.281E-2
5.281E-2
6.249E-2
6.249E-2
7.217E-2
7.217E-2
8.184E-2
8.184E-2
9.152E-2
9.152E-2
1.012E-1
1.012E-1
1.109E-1
1.206E-1
1.206E-1
1.302E-1
1.399E-1
1.496E-1
1.496E-1
1.593E-1
1.690E-1
1.786E-1
1.786E-1
1.883E-1
1.980E-1
2.077E-1
2.077E-1
2.173E-1
2.270E-1
2.367E-1
2.464E-1
2.561E-1
2.657E-1
2.754E-1
2.754E-1
2.851E-1
2.948E-1
3.045E-1
3.045E-1
3.141E-1
3.238E-1
3.335E-1
3.432E-1
3.528E-1
3.625E-1
3.625E-1
3.722E-1
3.722E-1
3.819E-1
3.916E-1
3.916E-1
4.012E-1
4.109E-1
4.206E-1
4.206E-1
4.303E-1
4.399E-1
4.496E-1
4.496E-1
4.593E-1
4.690E-1
4.690E-1
4.787E-1
4.787E-1
4.883E-1
4.883E-1
4.980E-1
4.980E-1
5.077E-1
5.077E-1
5.174E-1
5.174E-1
5.271E-1
5.271E-1
5.367E-1
5.367E-1
5.464E-1
5.464E-1
5.561E-1
5.561E-1
5.658E-1
5.658E-1
5.754E-1
5.754E-1
5.851E-1
5.851E-1
5.948E-1
5.948E-1
5.948E-1
6.045E-1
6.045E-1
6.045E-1
6.142E-1
6.142E-1
6.238E-1
6.238E-1
6.335E-1
6.335E-1
6.432E-1
6.432E-1
6.432E-1
6.529E-1
6.529E-1
6.529E-1
6.529E-1
6.626E-1
6.626E-1
6.626E-1
6.722E-1
6.722E-1
6.819E-1
6.819E-1
6.819E-1
6.916E-1
6.916E-1
6.916E-1
6.916E-1
7.013E-1
7.013E-1
7.013E-1
7.013E-1
7.109E-1
7.109E-1
7.109E-1
7.109E-1
7.206E-1
7.206E-1
7.206E-1
7.206E-1
7.303E-1
7.303E-1
7.303E-1
7.303E-1
7.400E-1
7.400E-1
7.400E-1
7.400E-1
7.497E-1
7.497E-1
7.497E-1
7.497E-1
7.593E-1
7.593E-1
7.593E-1
7.593E-1
7.690E-1
7.690E-1
7.690E-1
7.690E-1
7.690E-1
7.690E-1
7.690E-1
7.690E-1
7.787E-1
7.787E-1
7.787E-1
7.787E-1
7.787E-1
7.787E-1
7.787E-1
7.787E-1
7.884E-1
7.884E-1
7.884E-1
7.884E-1
7.884E-1
7.884E-1
7.884E-1
7.884E-1
7.884E-1
7.884E-1
7.884E-1
7.884E-1
7.884E-1
7.884E-1
7.884E-1
7.884E-1
7.884E-1
7.884E-1
7.884E-1
7.884E-1
7.884E-1
7.884E-1
7.884E-1
7.884E-1
7.787E-1
7.787E-1
7.787E-1
7.787E-1
7.787E-1
7.787E-1
7.787E-1
7.787E-1
7.690E-1
7.690E-1
7.690E-1
7.690E-1
7.593E-1
7.593E-1
7.593E-1
7.593E-1
7.497E-1
7.497E-1
7.497E-1
7.400E-1
7.400E-1
7.303E-1
7.303E-1
7.303E-1
7.206E-1
7.206E-1
7.206E-1
7.109E-1
7.109E-1
7.013E-1
7.013E-1
6.916E-1
6.916E-1
6.819E-1
6.819E-1
6.722E-1
6.722E-1
6.626E-1
6.626E-1
6.529E-1
6.529E-1
6.432E-1
6.432E-1
6.335E-1
6.335E-1
6.238E-1
6.238E-1
6.142E-1
6.142E-1
6.045E-1
6.045E-1
5.948E-1
5.948E-1
5.851E-1
5.851E-1
5.754E-1
5.658E-1
5.658E-1
5.561E-1
5.464E-1
5.464E-1
5.367E-1
5.367E-1
5.271E-1
5.271E-1
5.174E-1
5.174E-1
5.077E-1
4.980E-1
4.980E-1
4.883E-1
4.787E-1
4.787E-1
4.690E-1
4.690E-1
4.593E-1
4.496E-1
4.496E-1
4.399E-1
4.303E-1
4.303E-1
4.206E-1
4.206E-1
4.109E-1
4.012E-1
4.012E-1
3.916E-1
3.819E-1
3.722E-1
3.722E-1
3.625E-1
3.528E-1
3.432E-1
3.432E-1
3.335E-1
3.238E-1
3.141E-1
3.141E-1
3.045E-1
2.948E-1
2.851E-1
2.851E-1
2.754E-1
2.657E-1
2.561E-1
2.464E-1
2.367E-1
2.270E-1
2.173E-1
2.173E-1
2.077E-1
1.980E-1
1.883E-1
1.883E-1
1.786E-1
1.690E-1
1.593E-1
1.593E-1
1.496E-1
1.399E-1
1.302E-1
1.302E-1
1.206E-1
1.109E-1
1.012E-1
1.012E-1
9.152E-2
8.184E-2
7.217E-2
7.217E-2
6.249E-2
5.281E-2
4.313E-2
4.313E-2
3.345E-2
2.377E-2
1.409E-2
1.409E-2
4.416E-3
-5.262E-3
-1.494E-2
-1.494E-2
-2.462E-2
-3.430E-2
-4.398E-2
-5.366E-2
-6.333E-2
-7.301E-2
-8.269E-2
-8.269E-2
-9.237E-2
-1.020E-1
-1.117E-1
-1.117E-1
-1.214E-1
-1.311E-1
-1.408E-1
-1.504E-1
-1.601E-1
-1.698E-1
-1.795E-1
-1.795E-1
-1.892E-1
-1.988E-1
-2.085E-1
-2.085E-1
-2.182E-1
-2.279E-1
-2.375E-1
-2.472E-1
-2.569E-1
-2.666E-1
-2.763E-1
-2.763E-1
-2.859E-1
-2.956E-1
-3.053E-1
-3.150E-1
-3.247E-1
-3.343E-1
-3.440E-1
-3.440E-1
-3.537E-1
-3.634E-1
-3.730E-1
-3.730E-1
-3.827E-1
-3.924E-1
-4.021E-1
-4.021E-1
-4.118E-1
-4.214E-1
-4.311E-1
-4.311E-1
-4.408E-1
-4.505E-1
-4.602E-1
-4.602E-1
-4.698E-1
-4.795E-1
-4.892E-1
-4.892E-1
-4.989E-1
-5.085E-1
-5.182E-1
-5.182E-1
-5.279E-1
-5.376E-1
-5.473E-1
-5.473E-1
-5.569E-1
-5.666E-1
-5.763E-1
-5.763E-1
-5.860E-1
-5.957E-1
-6.053E-1
-6.053E-1
-6.150E-1
-6.247E-1
-6.247E-1
-6.344E-1
-6.344E-1
-6.440E-1
-6.440E-1
-6.537E-1
-6.537E-1
-6.634E-1
-6.731E-1
-6.731E-1
-6.828E-1
-6.924E-1
-6.924E-1
-7.021E-1
-7.021E-1
-7.118E-1
-7.118E-1
-7.215E-1
-7.215E-1
-7.312E-1
-7.312E-1
-7.408E-1
-7.408E-1
-7.408E-1
-7.505E-1
-7.505E-1
-7.505E-1
-7.602E-1
-7.602E-1
-7.699E-1
-7.699E-1
-7.795E-1
-7.795E-1
-7.892E-1
-7.892E-1
-7.892E-1
-7.989E-1
-7.989E-1
-7.989E-1
-8.086E-1
-8.086E-1
-8.183E-1
-8.183E-1
-8.183E-1
-8.279E-1
-8.279E-1
-8.279E-1
-8.376E-1
-8.376E-1
-8.473E-1
-8.473E-1
-8.473E-1
-8.570E-1
-8.570E-1
-8.570E-1
-8.570E-1
-8.667E-1
-8.667E-1
-8.667E-1
-8.667E-1
-8.763E-1
-8.763E-1
-8.763E-1
-8.763E-1
-8.860E-1
-8.860E-1
-8.860E-1
-8.860E-1
-8.957E-1
-8.957E-1
-8.957E-1
-8.957E-1
-8.957E-1
-8.957E-1
-8.957E-1
-8.957E-1
-9.054E-1
-9.054E-1
-9.054E-1
-9.054E-1
-9.054E-1
-9.054E-1
-9.054E-1
-9.054E-1
-9.150E-1
-9.150E-1
-9.150E-1
-9.150E-1
-9.150E-1
-9.150E-1
-9.150E-1
-9.150E-1
-9.150E-1
-9.150E-1
-9.150E-1
-9.150E-1
-9.150E-1
-9.150E-1
-9.150E-1
-9.150E-1
-9.150E-1
-9.150E-1
-9.150E-1
-9.150E-1
-9.150E-1
-9.150E-1
-9.150E-1
-9.150E-1
-9.150E-1
-9.150E-1
-9.150E-1
-9.150E-1
-9.054E-1
-9.054E-1
-9.054E-1
-9.054E-1
-8.957E-1
-8.957E-1
-8.957E-1
-8.957E-1
-8.860E-1
-8.860E-1
-8.860E-1
-8.860E-1
-8.763E-1
-8.763E-1
-8.763E-1
-8.763E-1
-8.667E-1
-8.667E-1
-8.667E-1
-8.667E-1
-8.570E-1
-8.570E-1
-8.570E-1
-8.473E-1
-8.473E-1
-8.376E-1
-8.376E-1
-8.376E-1
-8.279E-1
-8.279E-1
-8.279E-1
-8.279E-1
-8.183E-1
-8.183E-1
-8.183E-1
-8.086E-1
-8.086E-1
-7.989E-1
-7.989E-1
-7.892E-1
-7.892E-1
-7.795E-1
-7.795E-1
-7.795E-1
-7.699E-1
-7.699E-1
-7.699E-1
-7.602E-1
-7.602E-1
-7.505E-1
-7.505E-1
-7.408E-1
-7.408E-1
-7.312E-1
-7.312E-1
-7.215E-1
-7.215E-1
-7.118E-1
-7.118E-1
-7.021E-1
-6.924E-1
-6.924E-1
-6.828E-1
-6.731E-1
-6.731E-1
-6.634E-1
-6.634E-1
-6.537E-1
-6.537E-1
-6.440E-1
-6.440E-1
-6.344E-1
-6.247E-1
-6.247E-1
-6.150E-1
-6.053E-1
-6.053E-1
-5.957E-1
-5.957E-1
-5.860E-1
-5.763E-1
-5.763E-1
-5.666E-1
-5.569E-1
-5.473E-1
-5.473E-1
-5.376E-1
-5.279E-1
-5.279E-1
-5.182E-1
-5.182E-1
-5.085E-1
-4.989E-1
-4.989E-1
-4.892E-1
-4.795E-1
-4.698E-1
-4.698E-1
-4.602E-1
-4.505E-1
-4.408E-1
-4.311E-1
-4.214E-1
-4.118E-1
-4.021E-1
-4.021E-1
-3.924E-1
-3.827E-1
-3.730E-1
-3.730E-1
-3.634E-1
-3.537E-1
-3.440E-1
-3.440E-1
-3.343E-1
-3.247E-1
-3.247E-1
-3.150E-1
-3.150E-1
-3.053E-1
-2.956E-1
-2.956E-1
-2.859E-1
-2.763E-1
-2.763E-1
-2.666E-1
-2.666E-1
-2.569E-1
-2.569E-1
-2.472E-1
-2.472E-1
-2.375E-1
-2.375E-1
-2.279E-1
-2.279E-1
-2.279E-1
-2.182E-1
-2.182E-1
-2.182E-1
-2.085E-1
-2.085E-1
-1.988E-1
-1.988E-1
-1.988E-1
-1.892E-1
-1.892E-1
-1.892E-1
-1.795E-1
-1.795E-1
-1.698E-1
-1.698E-1
-1.698E-1
-1.601E-1
-1.601E-1
-1.601E-1
-1.601E-1
-1.504E-1
-1.504E-1
-1.504E-1
-1.504E-1
-1.408E-1
-1.408E-1
-1.408E-1
-1.408E-1
-1.408E-1
-1.408E-1
-1.408E-1
-1.408E-1
-1.311E-1
-1.311E-1
-1.311E-1
-1.311E-1
-1.311E-1
-1.311E-1
-1.311E-1
-1.311E-1
-1.311E-1
-1.311E-1
-1.311E-1
-1.311E-1
-1.311E-1
-1.311E-1
-1.311E-1
-1.311E-1
-1.311E-1
-1.311E-1
-1.311E-1
-1.311E-1
-1.311E-1
-1.311E-1
-1.311E-1
-1.311E-1
-1.311E-1
-1.311E-1
-1.311E-1
-1.311E-1
-1.311E-1
-1.311E-1
-1.311E-1
-1.311E-1
-1.311E-1
-1.311E-1
-1.311E-1
-1.311E-1
-1.311E-1
-1.311E-1
-1.311E-1
-1.311E-1
-1.311E-1
-1.311E-1
-1.311E-1
-1.311E-1
-1.214E-1
-1.214E-1
-1.214E-1
-1.214E-1
-1.214E-1
-1.214E-1
-1.214E-1
-1.214E-1
-1.117E-1
-1.117E-1
-1.117E-1
-1.117E-1
-1.117E-1
-1.117E-1
-1.117E-1
-1.117E-1
-1.020E-1
-1.020E-1
-1.020E-1
-1.020E-1
-1.020E-1
-1.020E-1
-1.020E-1
-1.020E-1
-9.237E-2
-9.237E-2
-9.237E-2
-9.237E-2
-9.237E-2
-9.237E-2
-9.237E-2
-9.237E-2
-8.269E-2
-8.269E-2
-8.269E-2
-8.269E-2
-8.269E-2
-8.269E-2
-8.269E-2
-8.269E-2
-8.269E-2
-8.269E-2
-8.269E-2
-8.269E-2
-8.269E-2
-8.269E-2
-8.269E-2
-8.269E-2
-8.269E-2
-8.269E-2
-8.269E-2
-8.269E-2
-7.301E-2
-7.301E-2
-7.301E-2
-7.301E-2
-7.301E-2
-7.301E-2
-7.301E-2
-7.301E-2
-7.301E-2
-7.301E-2
-7.301E-2
-7.301E-2
-7.301E-2
-7.301E-2
-7.301E-2
-7.301E-2
-7.301E-2
-7.301E-2
-7.301E-2
-7.301E-2
-7.301E-2
-7.301E-2
-7.301E-2
-7.301E-2
-7.301E-2
-7.301E-2
-7.301E-2
-7.301E-2
-7.301E-2
-7.301E-2
-7.301E-2
-7.301E-2
-7.301E-2
-7.301E-2
-7.301E-2
-7.301E-2
-7.301E-2
-7.301E-2
-7.301E-2
-7.301E-2
-7.301E-2
-7.301E-2
-7.301E-2
-7.301E-2
-7.301E-2
-7.301E-2
-7.301E-2
-7.301E-2
-7.301E-2
-7.301E-2
-7.301E-2
-7.301E-2
-7.301E-2
-7.301E-2
-7.301E-2
-7.301E-2
-7.301E-2
-7.301E-2
-7.301E-2
-7.301E-2
-7.301E-2
-7.301E-2
-7.301E-2
-7.301E-2
-7.301E-2
-7.301E-2
-7.301E-2
-7.301E-2
-7.301E-2
-7.301E-2
-7.301E-2
-7.301E-2
-7.301E-2
-7.301E-2
-7.301E-2
-7.301E-2
-7.301E-2
-7.301E-2
-7.301E-2
-7.301E-2
-7.301E-2
-7.301E-2
-7.301E-2
-7.301E-2
-7.301E-2
-7.301E-2
-7.301E-2
-7.301E-2
-7.301E-2
-7.301E-2
-7.301E-2
-7.301E-2
-7.301E-2
-7.301E-2
-7.301E-2
-7.301E-2
-7.301E-2
-7.301E-2
-7.301E-2
-7.301E-2
-7.301E-2
-7.301E-2
-7.301E-2
-7.301E-2
-7.301E-2
-7.301E-2
-7.301E-2
-7.301E-2
-7.301E-2
-7.301E-2
-7.301E-2
-7.301E-2
-7.301E-2
-7.301E-2
-7.301E-2
-7.301E-2
-7.301E-2
-7.301E-2
-7.301E-2
-7.301E-2
-7.301E-2
-7.301E-2
-7.301E-2
-7.301E-2
-7.301E-2
-7.301E-2
-7.301E-2
-7.301E-2
-7.301E-2
-7.301E-2
-7.301E-2
-7.301E-2
-7.301E-2
-7.301E-2
-7.301E-2
-7.301E-2
-7.301E-2
-7.301E-2
-7.301E-2
-7.301E-2
-7.301E-2
-7.301E-2
-7.301E-2
-7.301E-2
-7.301E-2
-7.301E-2
-7.301E-2
-7.301E-2
-7.301E-2
-7.301E-2
-7.301E-2
-7.301E-2
-7.301E-2
-7.301E-2
-7.301E-2
-7.301E-2
-7.301E-2
-7.301E-2
-7.301E-2
-7.301E-2
-7.301E-2
-7.301E-2
-7.301E-2
-7.301E-2
-7.301E-2
-7.301E-2
-7.301E-2
-7.301E-2
-7.301E-2
-7.301E-2
-7.301E-2
-7.301E-2
-7.301E-2
-7.301E-2
-7.301E-2
-7.301E-2
-7.301E-2
-7.301E-2
-7.301E-2
-7.301E-2
-7.301E-2
-7.301E-2
-7.301E-2
-7.301E-2
-7.301E-2
-7.301E-2
-7.301E-2
-7.301E-2
-7.301E-2
-7.301E-2
-7.301E-2
-7.301E-2
-7.301E-2
-7.301E-2
-7.301E-2
-7.301E-2
-7.301E-2
-7.301E-2
-7.301E-2
-7.301E-2
-7.301E-2
-7.301E-2
-7.301E-2
-7.301E-2
-7.301E-2
-7.301E-2
-7.301E-2
-7.301E-2
-7.301E-2
-7.301E-2
-7.301E-2
-7.301E-2
-7.301E-2
-7.301E-2
-7.301E-2
-7.301E-2
-7.301E-2
-7.301E-2
-7.301E-2
-7.301E-2
-7.301E-2
-7.301E-2
-7.301E-2
-7.301E-2
-7.301E-2
-7.301E-2
-7.301E-2
-7.301E-2
-7.301E-2
-7.301E-2
-7.301E-2
-7.301E-2
-7.301E-2
-7.301E-2
-7.301E-2
-7.301E-2
-7.301E-2
-7.301E-2
-7.301E-2
-7.301E-2
-7.301E-2
-7.301E-2
-7.301E-2
-7.301E-2
-7.301E-2
-7.301E-2
-7.301E-2
-7.301E-2
-7.301E-2
-7.301E-2
-7.301E-2
-7.301E-2
-7.301E-2
-7.301E-2
-7.301E-2
-7.301E-2
-7.301E-2
-7.301E-2
-7.301E-2
-7.301E-2
-7.301E-2
-7.301E-2
-7.301E-2
-7.301E-2
-7.301E-2
-7.301E-2
-7.301E-2
-7.301E-2
-7.301E-2
-7.301E-2
-7.301E-2
-7.301E-2
-7.301E-2
-7.301E-2
-7.301E-2
-7.301E-2
-7.301E-2
-7.301E-2
-7.301E-2
-7.301E-2
-7.301E-2
-7.301E-2
-7.301E-2
-7.301E-2
-7.301E-2
