2.500E-10
-2.500E-7
-6.124E-1
-6.022E-1
-6.022E-1
-5.920E-1
-5.920E-1
-5.818E-1
-5.818E-1
-5.716E-1
-5.716E-1
-5.614E-1
-5.614E-1
-5.512E-1
-5.512E-1
-5.409E-1
-5.409E-1
-5.307E-1
-5.307E-1
-5.205E-1
-5.205E-1
-5.103E-1
-5.103E-1
-5.001E-1
-5.001E-1
-4.899E-1
-4.899E-1
-4.797E-1
-4.797E-1
-4.695E-1
-4.695E-1
-4.593E-1
-4.593E-1
-4.491E-1
-4.389E-1
-4.389E-1
-4.287E-1
-4.185E-1
-4.185E-1
-4.083E-1
-4.083E-1
-3.981E-1
-3.879E-1
-3.879E-1
-3.777E-1
-3.675E-1
-3.675E-1
-3.573E-1
-3.573E-1
-3.471E-1
-3.369E-1
-3.369E-1
-3.267E-1
-3.165E-1
-3.165E-1
-3.063E-1
-3.063E-1
-2.961E-1
-2.859E-1
-2.859E-1
-2.757E-1
-2.655E-1
-2.655E-1
-2.553E-1
-2.553E-1
-2.451E-1
-2.349E-1
-2.349E-1
-2.247E-1
-2.145E-1
-2.145E-1
-2.043E-1
-2.043E-1
-1.941E-1
-1.839E-1
-1.839E-1
-1.737E-1
-1.635E-1
-1.635E-1
-1.533E-1
-1.533E-1
-1.431E-1
-1.329E-1
-1.329E-1
-1.227E-1
-1.125E-1
-1.023E-1
-1.023E-1
-9.208E-2
-8.188E-2
-8.188E-2
-7.168E-2
-7.168E-2
-6.147E-2
-5.127E-2
-5.127E-2
-4.107E-2
-3.087E-2
-2.067E-2
-2.067E-2
-1.047E-2
-2.649E-4
9.937E-3
9.937E-3
2.014E-2
3.034E-2
3.034E-2
4.054E-2
4.054E-2
5.074E-2
6.094E-2
6.094E-2
7.115E-2
8.135E-2
8.135E-2
9.155E-2
9.155E-2
1.018E-1
1.120E-1
1.120E-1
1.222E-1
1.324E-1
1.426E-1
1.426E-1
1.528E-1
1.630E-1
1.630E-1
1.732E-1
1.732E-1
1.834E-1
1.936E-1
1.936E-1
2.038E-1
2.140E-1
2.140E-1
2.242E-1
2.242E-1
2.344E-1
2.446E-1
2.446E-1
2.548E-1
2.650E-1
2.752E-1
2.752E-1
2.854E-1
2.956E-1
2.956E-1
3.058E-1
3.058E-1
3.160E-1
3.262E-1
3.262E-1
3.364E-1
3.466E-1
3.466E-1
3.568E-1
3.568E-1
3.670E-1
3.772E-1
3.772E-1
3.874E-1
3.976E-1
3.976E-1
4.078E-1
4.078E-1
4.180E-1
4.282E-1
4.282E-1
4.384E-1
4.486E-1
4.486E-1
4.588E-1
4.588E-1
4.690E-1
4.690E-1
4.792E-1
4.792E-1
4.894E-1
4.894E-1
4.996E-1
4.996E-1
5.098E-1
5.098E-1
5.200E-1
5.200E-1
5.302E-1
5.404E-1
5.404E-1
5.506E-1
5.608E-1
5.608E-1
5.710E-1
5.710E-1
5.812E-1
5.812E-1
5.914E-1
5.914E-1
6.016E-1
6.016E-1
6.118E-1
6.118E-1
6.220E-1
6.220E-1
6.322E-1
6.322E-1
6.424E-1
6.424E-1
6.526E-1
6.526E-1
6.628E-1
6.628E-1
6.730E-1
6.730E-1
6.832E-1
6.832E-1
6.832E-1
6.934E-1
6.934E-1
6.934E-1
7.036E-1
7.036E-1
7.138E-1
7.138E-1
7.240E-1
7.240E-1
7.343E-1
7.343E-1
7.343E-1
7.445E-1
7.445E-1
7.445E-1
7.445E-1
7.547E-1
7.547E-1
7.547E-1
7.649E-1
7.649E-1
7.751E-1
7.751E-1
7.751E-1
7.853E-1
7.853E-1
7.853E-1
7.853E-1
7.955E-1
7.955E-1
7.955E-1
7.955E-1
8.057E-1
8.057E-1
8.057E-1
8.057E-1
8.159E-1
8.159E-1
8.159E-1
8.159E-1
8.261E-1
8.261E-1
8.261E-1
8.261E-1
8.363E-1
8.363E-1
8.363E-1
8.363E-1
8.465E-1
8.465E-1
8.465E-1
8.465E-1
8.567E-1
8.567E-1
8.567E-1
8.567E-1
8.669E-1
8.669E-1
8.669E-1
8.669E-1
8.669E-1
8.669E-1
8.669E-1
8.669E-1
8.771E-1
8.771E-1
8.771E-1
8.771E-1
8.771E-1
8.771E-1
8.771E-1
8.771E-1
8.873E-1
8.873E-1
8.873E-1
8.873E-1
8.873E-1
8.873E-1
8.873E-1
8.873E-1
8.873E-1
8.873E-1
8.873E-1
8.873E-1
8.873E-1
8.873E-1
8.873E-1
8.873E-1
8.873E-1
8.873E-1
8.873E-1
8.873E-1
8.873E-1
8.873E-1
8.873E-1
8.873E-1
8.873E-1
8.873E-1
8.873E-1
8.873E-1
8.873E-1
8.873E-1
8.873E-1
8.873E-1
8.873E-1
8.873E-1
8.873E-1
8.873E-1
8.873E-1
8.873E-1
8.873E-1
8.873E-1
8.771E-1
8.771E-1
8.771E-1
8.771E-1
8.771E-1
8.771E-1
8.771E-1
8.771E-1
8.669E-1
8.669E-1
8.669E-1
8.669E-1
8.567E-1
8.567E-1
8.567E-1
8.567E-1
8.465E-1
8.465E-1
8.465E-1
8.465E-1
8.363E-1
8.363E-1
8.363E-1
8.363E-1
8.261E-1
8.261E-1
8.261E-1
8.159E-1
8.159E-1
8.057E-1
8.057E-1
8.057E-1
7.955E-1
7.955E-1
7.955E-1
7.955E-1
7.853E-1
7.853E-1
7.853E-1
7.751E-1
7.751E-1
7.649E-1
7.649E-1
7.649E-1
7.547E-1
7.547E-1
7.547E-1
7.547E-1
7.445E-1
7.445E-1
7.445E-1
7.343E-1
7.343E-1
7.240E-1
7.240E-1
7.138E-1
7.138E-1
7.036E-1
7.036E-1
7.036E-1
6.934E-1
6.934E-1
6.934E-1
6.832E-1
6.832E-1
6.730E-1
6.730E-1
6.730E-1
6.628E-1
6.628E-1
6.628E-1
6.526E-1
6.526E-1
6.424E-1
6.424E-1
6.322E-1
6.322E-1
6.220E-1
6.220E-1
6.118E-1
6.118E-1
6.016E-1
6.016E-1
5.914E-1
5.914E-1
5.812E-1
5.812E-1
5.710E-1
5.710E-1
5.608E-1
5.608E-1
5.506E-1
5.506E-1
5.404E-1
5.404E-1
5.302E-1
5.302E-1
5.200E-1
5.098E-1
5.098E-1
4.996E-1
4.894E-1
4.894E-1
4.792E-1
4.792E-1
4.690E-1
4.690E-1
4.588E-1
4.588E-1
4.486E-1
4.384E-1
4.384E-1
4.282E-1
4.180E-1
4.180E-1
4.078E-1
4.078E-1
3.976E-1
3.874E-1
3.874E-1
3.772E-1
3.670E-1
3.670E-1
3.568E-1
3.568E-1
3.466E-1
3.466E-1
3.364E-1
3.364E-1
3.262E-1
3.160E-1
3.160E-1
3.058E-1
2.956E-1
2.854E-1
2.854E-1
2.752E-1
2.650E-1
2.650E-1
2.548E-1
2.548E-1
2.446E-1
2.344E-1
2.344E-1
2.242E-1
2.140E-1
2.140E-1
2.038E-1
2.038E-1
1.936E-1
1.834E-1
1.834E-1
1.732E-1
1.630E-1
1.528E-1
1.528E-1
1.426E-1
1.324E-1
1.324E-1
1.222E-1
1.222E-1
1.120E-1
1.018E-1
1.018E-1
9.155E-2
8.135E-2
8.135E-2
7.115E-2
7.115E-2
6.094E-2
5.074E-2
5.074E-2
4.054E-2
3.034E-2
2.014E-2
2.014E-2
9.937E-3
-2.649E-4
-1.047E-2
-1.047E-2
-2.067E-2
-3.087E-2
-3.087E-2
-4.107E-2
-4.107E-2
-5.127E-2
-6.147E-2
-6.147E-2
-7.168E-2
-8.188E-2
-9.208E-2
-9.208E-2
-1.023E-1
-1.125E-1
-1.227E-1
-1.227E-1
-1.329E-1
-1.431E-1
-1.431E-1
-1.533E-1
-1.533E-1
-1.635E-1
-1.737E-1
-1.737E-1
-1.839E-1
-1.941E-1
-1.941E-1
-2.043E-1
-2.043E-1
-2.145E-1
-2.247E-1
-2.247E-1
-2.349E-1
-2.451E-1
-2.553E-1
-2.553E-1
-2.655E-1
-2.757E-1
-2.757E-1
-2.859E-1
-2.859E-1
-2.961E-1
-3.063E-1
-3.063E-1
-3.165E-1
-3.267E-1
-3.267E-1
-3.369E-1
-3.369E-1
-3.471E-1
-3.573E-1
-3.573E-1
-3.675E-1
-3.777E-1
-3.777E-1
-3.879E-1
-3.879E-1
-3.981E-1
-4.083E-1
-4.083E-1
-4.185E-1
-4.287E-1
-4.287E-1
-4.389E-1
-4.389E-1
-4.491E-1
-4.491E-1
-4.593E-1
-4.593E-1
-4.695E-1
-4.695E-1
-4.797E-1
-4.797E-1
-4.899E-1
-4.899E-1
-5.001E-1
-5.001E-1
-5.103E-1
-5.205E-1
-5.205E-1
-5.307E-1
-5.409E-1
-5.409E-1
-5.512E-1
-5.512E-1
-5.614E-1
-5.614E-1
-5.716E-1
-5.716E-1
-5.818E-1
-5.818E-1
-5.920E-1
-5.920E-1
-6.022E-1
-6.022E-1
-6.124E-1
-6.124E-1
-6.226E-1
-6.226E-1
-6.328E-1
-6.328E-1
-6.430E-1
-6.430E-1
-6.430E-1
-6.532E-1
-6.532E-1
-6.532E-1
-6.634E-1
-6.634E-1
-6.736E-1
-6.736E-1
-6.736E-1
-6.838E-1
-6.838E-1
-6.838E-1
-6.940E-1
-6.940E-1
-7.042E-1
-7.042E-1
-7.042E-1
-7.144E-1
-7.144E-1
-7.144E-1
-7.144E-1
-7.246E-1
-7.246E-1
-7.246E-1
-7.246E-1
-7.348E-1
-7.348E-1
-7.348E-1
-7.450E-1
-7.450E-1
-7.552E-1
-7.552E-1
-7.552E-1
-7.654E-1
-7.654E-1
-7.654E-1
-7.654E-1
-7.756E-1
-7.756E-1
-7.756E-1
-7.756E-1
-7.858E-1
-7.858E-1
-7.858E-1
-7.858E-1
-7.960E-1
-7.960E-1
-7.960E-1
-7.960E-1
-8.062E-1
-8.062E-1
-8.062E-1
-8.062E-1
-8.164E-1
-8.164E-1
-8.164E-1
-8.164E-1
-8.266E-1
-8.266E-1
-8.266E-1
-8.266E-1
-8.368E-1
-8.368E-1
-8.368E-1
-8.368E-1
-8.368E-1
-8.368E-1
-8.368E-1
-8.368E-1
-8.470E-1
-8.470E-1
-8.470E-1
-8.470E-1
-8.470E-1
-8.470E-1
-8.470E-1
-8.470E-1
-8.470E-1
-8.470E-1
-8.470E-1
-8.470E-1
-8.470E-1
-8.470E-1
-8.470E-1
-8.470E-1
-8.470E-1
-8.470E-1
-8.470E-1
-8.470E-1
-8.470E-1
-8.470E-1
-8.470E-1
-8.470E-1
-8.470E-1
-8.470E-1
-8.470E-1
-8.470E-1
-8.470E-1
-8.470E-1
-8.470E-1
-8.470E-1
-8.470E-1
-8.470E-1
-8.470E-1
-8.470E-1
-8.470E-1
-8.470E-1
-8.470E-1
-8.470E-1
-8.470E-1
-8.470E-1
-8.470E-1
-8.470E-1
-8.368E-1
-8.368E-1
-8.368E-1
-8.368E-1
-8.368E-1
-8.368E-1
-8.368E-1
-8.368E-1
-8.266E-1
-8.266E-1
-8.266E-1
-8.266E-1
-8.266E-1
-8.266E-1
-8.266E-1
-8.266E-1
-8.164E-1
-8.164E-1
-8.164E-1
-8.164E-1
-8.062E-1
-8.062E-1
-8.062E-1
-8.062E-1
-8.062E-1
-8.062E-1
-8.062E-1
-8.062E-1
-7.960E-1
-7.960E-1
-7.960E-1
-7.960E-1
-7.858E-1
-7.858E-1
-7.858E-1
-7.858E-1
-7.756E-1
-7.756E-1
-7.756E-1
-7.756E-1
-7.654E-1
-7.654E-1
-7.654E-1
-7.552E-1
-7.552E-1
-7.450E-1
-7.450E-1
-7.450E-1
-7.348E-1
-7.348E-1
-7.348E-1
-7.348E-1
-7.246E-1
-7.246E-1
-7.246E-1
-7.144E-1
-7.144E-1
-7.042E-1
-7.042E-1
-6.940E-1
-6.940E-1
-6.838E-1
-6.838E-1
-6.736E-1
-6.736E-1
-6.634E-1
-6.634E-1
-6.634E-1
-6.532E-1
-6.532E-1
-6.532E-1
-6.430E-1
-6.430E-1
-6.328E-1
-6.328E-1
-6.226E-1
-6.226E-1
-6.124E-1
-6.124E-1
-6.022E-1
-6.022E-1
-5.920E-1
-5.920E-1
-5.818E-1
-5.818E-1
-5.716E-1
-5.716E-1
-5.614E-1
-5.614E-1
-5.512E-1
-5.512E-1
-5.409E-1
-5.409E-1
-5.307E-1
-5.307E-1
-5.205E-1
-5.205E-1
-5.103E-1
-5.103E-1
-5.001E-1
-5.001E-1
-4.899E-1
-4.899E-1
-4.797E-1
-4.797E-1
-4.695E-1
-4.695E-1
-4.593E-1
-4.593E-1
-4.491E-1
-4.389E-1
-4.389E-1
-4.287E-1
-4.185E-1
-4.185E-1
-4.083E-1
-4.083E-1
-3.981E-1
-3.879E-1
-3.879E-1
-3.777E-1
-3.675E-1
-3.675E-1
-3.573E-1
-3.573E-1
-3.471E-1
-3.369E-1
-3.369E-1
-3.267E-1
-3.165E-1
-3.165E-1
-3.063E-1
-3.063E-1
-2.961E-1
-2.859E-1
-2.859E-1
-2.757E-1
-2.655E-1
-2.553E-1
-2.553E-1
-2.451E-1
-2.349E-1
-2.349E-1
-2.247E-1
-2.247E-1
-2.145E-1
-2.043E-1
-2.043E-1
-1.941E-1
-1.839E-1
-1.839E-1
-1.737E-1
-1.737E-1
-1.635E-1
-1.533E-1
-1.533E-1
-1.431E-1
-1.329E-1
-1.227E-1
-1.227E-1
-1.125E-1
-1.023E-1
-1.023E-1
-9.208E-2
-9.208E-2
-8.188E-2
-7.168E-2
-7.168E-2
-6.147E-2
-5.127E-2
-5.127E-2
-4.107E-2
-4.107E-2
-3.087E-2
-2.067E-2
-2.067E-2
-1.047E-2
-2.649E-4
9.937E-3
9.937E-3
2.014E-2
3.034E-2
3.034E-2
4.054E-2
4.054E-2
5.074E-2
6.094E-2
6.094E-2
7.115E-2
8.135E-2
8.135E-2
9.155E-2
9.155E-2
1.018E-1
1.120E-1
1.120E-1
1.222E-1
1.324E-1
1.426E-1
1.426E-1
1.528E-1
1.630E-1
1.732E-1
1.732E-1
1.834E-1
1.936E-1
1.936E-1
2.038E-1
2.038E-1
2.140E-1
2.242E-1
2.242E-1
2.344E-1
2.446E-1
2.548E-1
2.548E-1
2.650E-1
2.752E-1
2.854E-1
2.854E-1
2.956E-1
3.058E-1
3.058E-1
3.160E-1
3.160E-1
3.262E-1
3.262E-1
3.364E-1
3.364E-1
3.466E-1
3.568E-1
3.568E-1
3.670E-1
3.772E-1
3.772E-1
3.874E-1
3.874E-1
3.976E-1
3.976E-1
4.078E-1
4.078E-1
4.180E-1
4.282E-1
4.282E-1
4.384E-1
4.486E-1
4.486E-1
4.588E-1
4.588E-1
4.690E-1
4.690E-1
4.792E-1
4.792E-1
4.894E-1
4.894E-1
4.996E-1
4.996E-1
5.098E-1
5.098E-1
5.200E-1
5.200E-1
5.302E-1
5.302E-1
5.404E-1
5.404E-1
5.506E-1
5.506E-1
5.608E-1
5.608E-1
5.710E-1
5.710E-1
5.812E-1
5.812E-1
5.914E-1
5.914E-1
6.016E-1
6.016E-1
6.118E-1
6.118E-1
6.220E-1
6.220E-1
6.322E-1
6.322E-1
6.424E-1
6.424E-1
6.526E-1
6.526E-1
6.526E-1
6.628E-1
6.628E-1
6.628E-1
6.730E-1
6.730E-1
6.832E-1
6.832E-1
6.934E-1
6.934E-1
7.036E-1
7.036E-1
7.138E-1
7.138E-1
7.240E-1
7.240E-1
7.343E-1
7.343E-1
7.445E-1
7.445E-1
7.445E-1
7.547E-1
7.547E-1
7.547E-1
7.547E-1
7.649E-1
7.649E-1
7.649E-1
7.751E-1
7.751E-1
7.853E-1
7.853E-1
7.853E-1
7.955E-1
7.955E-1
7.955E-1
7.955E-1
8.057E-1
8.057E-1
8.057E-1
8.057E-1
8.159E-1
8.159E-1
8.159E-1
8.159E-1
8.261E-1
8.261E-1
8.261E-1
8.261E-1
8.363E-1
8.363E-1
8.363E-1
8.363E-1
8.465E-1
8.465E-1
8.465E-1
8.465E-1
8.567E-1
8.567E-1
8.567E-1
8.567E-1
8.669E-1
8.669E-1
8.669E-1
8.669E-1
8.669E-1
8.669E-1
8.669E-1
8.669E-1
8.771E-1
8.771E-1
8.771E-1
8.771E-1
8.771E-1
8.771E-1
8.771E-1
8.771E-1
8.873E-1
8.873E-1
8.873E-1
8.873E-1
8.873E-1
8.873E-1
8.873E-1
8.873E-1
8.873E-1
8.873E-1
8.873E-1
8.873E-1
8.873E-1
8.873E-1
8.873E-1
8.873E-1
8.873E-1
8.873E-1
8.873E-1
8.873E-1
8.873E-1
8.873E-1
8.873E-1
8.873E-1
8.873E-1
8.873E-1
8.873E-1
8.873E-1
8.873E-1
8.873E-1
8.873E-1
8.873E-1
8.873E-1
8.873E-1
8.873E-1
8.873E-1
8.771E-1
8.771E-1
8.771E-1
8.771E-1
8.771E-1
8.771E-1
8.771E-1
8.771E-1
8.669E-1
8.669E-1
8.669E-1
8.669E-1
8.567E-1
8.567E-1
8.567E-1
8.567E-1
8.465E-1
8.465E-1
8.465E-1
8.465E-1
8.363E-1
8.363E-1
8.363E-1
8.363E-1
8.261E-1
8.261E-1
8.261E-1
8.261E-1
8.261E-1
8.261E-1
8.261E-1
8.261E-1
8.159E-1
8.159E-1
8.159E-1
8.159E-1
8.057E-1
8.057E-1
8.057E-1
8.057E-1
7.955E-1
7.955E-1
7.955E-1
7.955E-1
7.853E-1
7.853E-1
7.853E-1
7.853E-1
7.751E-1
7.751E-1
7.751E-1
7.649E-1
7.649E-1
7.547E-1
7.547E-1
7.547E-1
7.445E-1
7.445E-1
7.445E-1
7.343E-1
7.343E-1
7.240E-1
7.240E-1
7.138E-1
7.138E-1
7.036E-1
7.036E-1
6.934E-1
6.934E-1
6.832E-1
6.832E-1
6.730E-1
6.730E-1
6.628E-1
6.628E-1
6.526E-1
6.526E-1
6.424E-1
6.424E-1
6.322E-1
6.322E-1
6.220E-1
6.220E-1
6.220E-1
6.118E-1
6.118E-1
6.118E-1
6.016E-1
6.016E-1
5.914E-1
5.914E-1
5.812E-1
5.812E-1
5.710E-1
5.710E-1
5.608E-1
5.608E-1
5.506E-1
5.404E-1
5.404E-1
5.302E-1
5.200E-1
5.200E-1
5.098E-1
5.098E-1
4.996E-1
4.996E-1
4.894E-1
4.894E-1
4.792E-1
4.690E-1
4.690E-1
4.588E-1
4.486E-1
4.384E-1
4.384E-1
4.282E-1
4.180E-1
4.180E-1
4.078E-1
4.078E-1
3.976E-1
3.874E-1
3.874E-1
3.772E-1
3.670E-1
3.670E-1
3.568E-1
3.568E-1
3.466E-1
3.364E-1
3.364E-1
3.262E-1
3.160E-1
3.160E-1
3.058E-1
3.058E-1
2.956E-1
2.854E-1
2.854E-1
2.752E-1
2.650E-1
2.650E-1
2.548E-1
2.548E-1
2.446E-1
2.344E-1
2.344E-1
2.242E-1
2.140E-1
2.140E-1
2.038E-1
2.038E-1
1.936E-1
1.834E-1
1.834E-1
1.732E-1
1.630E-1
1.528E-1
1.528E-1
1.426E-1
1.324E-1
1.324E-1
1.222E-1
1.222E-1
1.120E-1
1.018E-1
1.018E-1
9.155E-2
8.135E-2
8.135E-2
7.115E-2
7.115E-2
6.094E-2
5.074E-2
5.074E-2
4.054E-2
3.034E-2
2.014E-2
2.014E-2
9.937E-3
-2.649E-4
-1.047E-2
-1.047E-2
-2.067E-2
-3.087E-2
-3.087E-2
-4.107E-2
-4.107E-2
-5.127E-2
-6.147E-2
-6.147E-2
-7.168E-2
-8.188E-2
-9.208E-2
-9.208E-2
-1.023E-1
-1.125E-1
-1.227E-1
-1.227E-1
-1.329E-1
-1.431E-1
-1.431E-1
-1.533E-1
-1.533E-1
-1.635E-1
-1.737E-1
-1.737E-1
-1.839E-1
-1.941E-1
-1.941E-1
-2.043E-1
-2.043E-1
-2.145E-1
-2.247E-1
-2.247E-1
-2.349E-1
-2.451E-1
-2.451E-1
-2.553E-1
-2.553E-1
-2.655E-1
-2.757E-1
-2.757E-1
-2.859E-1
-2.961E-1
-2.961E-1
-3.063E-1
-3.063E-1
-3.165E-1
-3.165E-1
-3.267E-1
-3.267E-1
-3.369E-1
-3.471E-1
-3.471E-1
-3.573E-1
-3.675E-1
-3.675E-1
-3.777E-1
-3.777E-1
-3.879E-1
-3.981E-1
-3.981E-1
-4.083E-1
-4.185E-1
-4.185E-1
-4.287E-1
-4.287E-1
-4.389E-1
-4.491E-1
-4.491E-1
-4.593E-1
-4.695E-1
-4.695E-1
-4.797E-1
-4.797E-1
-4.899E-1
-5.001E-1
-5.001E-1
-5.103E-1
-5.205E-1
-5.205E-1
-5.307E-1
-5.307E-1
-5.409E-1
-5.409E-1
-5.512E-1
-5.512E-1
-5.614E-1
-5.614E-1
-5.716E-1
-5.716E-1
-5.818E-1
-5.818E-1
-5.920E-1
-5.920E-1
-6.022E-1
-6.022E-1
-6.022E-1
-6.124E-1
-6.124E-1
-6.124E-1
-6.226E-1
-6.226E-1
-6.328E-1
-6.328E-1
-6.328E-1
-6.430E-1
-6.430E-1
-6.430E-1
-6.532E-1
-6.532E-1
-6.634E-1
-6.634E-1
-6.634E-1
-6.736E-1
-6.736E-1
-6.736E-1
-6.838E-1
-6.838E-1
-6.940E-1
-6.940E-1
-6.940E-1
-7.042E-1
-7.042E-1
-7.042E-1
-7.144E-1
-7.144E-1
-7.246E-1
-7.246E-1
-7.246E-1
-7.348E-1
-7.348E-1
-7.348E-1
-7.450E-1
-7.450E-1
-7.552E-1
-7.552E-1
-7.552E-1
-7.654E-1
-7.654E-1
-7.654E-1
-7.654E-1
-7.756E-1
-7.756E-1
-7.756E-1
-7.756E-1
-7.858E-1
-7.858E-1
-7.858E-1
-7.858E-1
-7.960E-1
-7.960E-1
-7.960E-1
-7.960E-1
-8.062E-1
-8.062E-1
-8.062E-1
-8.062E-1
-8.164E-1
-8.164E-1
-8.164E-1
-8.164E-1
-8.266E-1
-8.266E-1
-8.266E-1
-8.266E-1
-8.368E-1
-8.368E-1
-8.368E-1
-8.368E-1
-8.368E-1
-8.368E-1
-8.368E-1
-8.368E-1
-8.470E-1
-8.470E-1
-8.470E-1
-8.470E-1
-8.470E-1
-8.470E-1
-8.470E-1
-8.470E-1
-8.470E-1
-8.470E-1
-8.470E-1
-8.470E-1
-8.470E-1
-8.470E-1
-8.470E-1
-8.470E-1
-8.470E-1
-8.470E-1
-8.470E-1
-8.470E-1
-8.470E-1
-8.470E-1
-8.470E-1
-8.470E-1
-8.470E-1
-8.470E-1
-8.470E-1
-8.470E-1
-8.470E-1
-8.470E-1
-8.470E-1
-8.470E-1
-8.470E-1
-8.470E-1
-8.470E-1
-8.470E-1
-8.470E-1
-8.470E-1
-8.470E-1
-8.470E-1
-8.470E-1
-8.470E-1
-8.470E-1
-8.470E-1
-8.368E-1
-8.368E-1
-8.368E-1
-8.368E-1
-8.368E-1
-8.368E-1
-8.368E-1
-8.368E-1
-8.266E-1
-8.266E-1
-8.266E-1
-8.266E-1
-8.266E-1
-8.266E-1
-8.266E-1
-8.266E-1
-8.164E-1
-8.164E-1
-8.164E-1
-8.164E-1
-8.062E-1
-8.062E-1
-8.062E-1
-8.062E-1
-8.062E-1
-8.062E-1
-8.062E-1
-8.062E-1
-7.960E-1
-7.960E-1
-7.960E-1
-7.960E-1
-7.858E-1
-7.858E-1
-7.858E-1
-7.858E-1
-7.756E-1
-7.756E-1
-7.756E-1
-7.654E-1
-7.654E-1
-7.552E-1
-7.552E-1
-7.552E-1
-7.450E-1
-7.450E-1
-7.450E-1
-7.450E-1
-7.348E-1
-7.348E-1
-7.348E-1
-7.246E-1
-7.246E-1
-7.144E-1
-7.144E-1
-7.042E-1
-7.042E-1
-6.940E-1
-6.940E-1
-6.838E-1
-6.838E-1
-6.736E-1
-6.736E-1
-6.736E-1
-6.634E-1
-6.634E-1
-6.634E-1
-6.532E-1
-6.532E-1
-6.430E-1
-6.430E-1
-6.328E-1
-6.328E-1
-6.226E-1
-6.226E-1
-6.226E-1
-6.124E-1
-6.124E-1
-6.124E-1
-6.022E-1
-6.022E-1
-5.920E-1
-5.920E-1
-5.818E-1
-5.818E-1
-5.716E-1
-5.716E-1
-5.614E-1
-5.614E-1
-5.512E-1
-5.512E-1
-5.409E-1
-5.409E-1
-5.307E-1
-5.307E-1
-5.205E-1
-5.205E-1
-5.103E-1
-5.103E-1
-5.001E-1
-5.001E-1
-4.899E-1
-4.899E-1
-4.797E-1
-4.797E-1
-4.695E-1
-4.695E-1
-4.593E-1
-4.593E-1
-4.491E-1
-4.491E-1
-4.389E-1
-4.389E-1
-4.287E-1
-4.287E-1
-4.185E-1
-4.185E-1
-4.083E-1
-3.981E-1
-3.981E-1
-3.879E-1
-3.777E-1
-3.675E-1
-3.675E-1
-3.573E-1
-3.471E-1
-3.471E-1
-3.369E-1
-3.369E-1
-3.267E-1
-3.165E-1
-3.165E-1
-3.063E-1
-2.961E-1
-2.961E-1
-2.859E-1
-2.859E-1
-2.757E-1
-2.655E-1
-2.655E-1
-2.553E-1
-2.451E-1
-2.349E-1
-2.349E-1
-2.247E-1
-2.145E-1
-2.145E-1
-2.043E-1
-2.043E-1
-1.941E-1
-1.839E-1
-1.839E-1
-1.737E-1
-1.635E-1
-1.635E-1
-1.533E-1
-1.533E-1
-1.431E-1
-1.329E-1
-1.329E-1
-1.227E-1
-1.125E-1
-1.023E-1
-1.023E-1
-9.208E-2
-8.188E-2
-8.188E-2
-7.168E-2
-7.168E-2
-6.147E-2
-5.127E-2
-5.127E-2
-4.107E-2
-3.087E-2
-2.067E-2
-2.067E-2
-1.047E-2
-2.649E-4
9.937E-3
9.937E-3
2.014E-2
3.034E-2
3.034E-2
4.054E-2
4.054E-2
5.074E-2
6.094E-2
6.094E-2
7.115E-2
8.135E-2
8.135E-2
9.155E-2
9.155E-2
1.018E-1
1.120E-1
1.120E-1
1.222E-1
1.324E-1
1.426E-1
1.426E-1
1.528E-1
1.630E-1
1.630E-1
1.732E-1
1.732E-1
1.834E-1
1.936E-1
1.936E-1
2.038E-1
2.140E-1
2.140E-1
2.242E-1
2.242E-1
2.344E-1
2.446E-1
2.446E-1
2.548E-1
2.650E-1
2.752E-1
2.752E-1
2.854E-1
2.956E-1
2.956E-1
3.058E-1
3.058E-1
3.160E-1
3.160E-1
3.262E-1
3.262E-1
3.364E-1
3.466E-1
3.466E-1
3.568E-1
3.670E-1
3.670E-1
3.772E-1
3.772E-1
3.874E-1
3.976E-1
3.976E-1
4.078E-1
4.180E-1
4.180E-1
4.282E-1
4.282E-1
4.384E-1
4.384E-1
4.486E-1
4.486E-1
4.588E-1
4.690E-1
4.690E-1
4.792E-1
4.894E-1
4.894E-1
4.996E-1
4.996E-1
5.098E-1
5.200E-1
5.200E-1
5.302E-1
5.404E-1
5.404E-1
5.506E-1
5.506E-1
5.608E-1
5.608E-1
5.710E-1
5.710E-1
5.812E-1
5.812E-1
5.914E-1
5.914E-1
6.016E-1
6.016E-1
6.118E-1
6.118E-1
6.220E-1
6.220E-1
6.322E-1
6.322E-1
6.424E-1
6.424E-1
6.424E-1
6.526E-1
6.526E-1
6.526E-1
6.628E-1
6.628E-1
6.730E-1
6.730E-1
6.832E-1
6.832E-1
6.934E-1
6.934E-1
6.934E-1
7.036E-1
7.036E-1
7.036E-1
7.138E-1
7.138E-1
7.240E-1
7.240E-1
7.240E-1
7.343E-1
7.343E-1
7.343E-1
7.445E-1
7.445E-1
7.547E-1
7.547E-1
7.547E-1
7.649E-1
7.649E-1
7.649E-1
7.751E-1
7.751E-1
7.853E-1
7.853E-1
7.853E-1
7.955E-1
7.955E-1
7.955E-1
8.057E-1
8.057E-1
8.159E-1
8.159E-1
8.159E-1
8.261E-1
8.261E-1
8.261E-1
8.261E-1
8.363E-1
8.363E-1
8.363E-1
8.363E-1
8.465E-1
8.465E-1
8.465E-1
8.465E-1
8.567E-1
8.567E-1
8.567E-1
8.567E-1
8.669E-1
8.669E-1
8.669E-1
8.669E-1
8.669E-1
8.669E-1
8.669E-1
8.669E-1
8.771E-1
8.771E-1
8.771E-1
8.771E-1
8.771E-1
8.771E-1
8.771E-1
8.771E-1
8.771E-1
8.771E-1
8.771E-1
8.771E-1
8.873E-1
8.873E-1
8.873E-1
8.873E-1
8.873E-1
8.873E-1
8.873E-1
8.873E-1
8.873E-1
8.873E-1
8.873E-1
8.873E-1
8.873E-1
8.873E-1
8.873E-1
8.873E-1
8.873E-1
8.873E-1
8.873E-1
8.873E-1
8.873E-1
8.873E-1
8.873E-1
8.873E-1
8.873E-1
8.873E-1
8.873E-1
8.873E-1
8.873E-1
8.873E-1
8.873E-1
8.873E-1
8.873E-1
8.873E-1
8.873E-1
8.873E-1
8.771E-1
8.771E-1
8.771E-1
8.771E-1
8.771E-1
8.771E-1
8.771E-1
8.771E-1
8.669E-1
8.669E-1
8.669E-1
8.669E-1
8.567E-1
8.567E-1
8.567E-1
8.567E-1
8.465E-1
8.465E-1
8.465E-1
8.465E-1
8.363E-1
8.363E-1
8.363E-1
8.363E-1
8.261E-1
8.261E-1
8.261E-1
8.261E-1
8.159E-1
8.159E-1
8.159E-1
8.159E-1
8.057E-1
8.057E-1
8.057E-1
8.057E-1
7.955E-1
7.955E-1
7.955E-1
7.955E-1
7.853E-1
7.853E-1
7.853E-1
7.853E-1
7.751E-1
7.751E-1
7.751E-1
7.751E-1
7.649E-1
7.649E-1
7.649E-1
7.547E-1
7.547E-1
7.445E-1
7.445E-1
7.445E-1
7.343E-1
7.343E-1
7.343E-1
7.240E-1
7.240E-1
7.138E-1
7.138E-1
7.138E-1
7.036E-1
7.036E-1
7.036E-1
6.934E-1
6.934E-1
