1	0.06060
1.05	0.05883
1.1	0.05798
1.15	0.05750
1.2	0.05599
1.25	0.05520
1.3	0.05495
1.35	0.05383
1.4	0.05344
1.45	0.05289
1.5	0.05199
1.55	0.05130
1.6	0.05160
1.65	0.05082
1.7	0.04972
1.75	0.04949
1.8	0.05102
1.85	0.05140
1.9	0.05130
1.95	0.05124
2	0.05198
2.05	0.05259
2.1	0.05162
2.15	0.05071
2.2	0.04964
2.25	0.04983
2.3	0.04911
2.35	0.04945
2.4	0.05127
2.45	0.05124
2.5	0.05096
2.55	0.04999
2.6	0.04924
2.65	0.04815
2.7	0.04626
2.75	0.04506
2.8	0.04577
2.85	0.04571
2.9	0.04453
2.95	0.04410
3	0.04583
3.05	0.04818
3.1	0.04754
3.15	0.04545
3.2	0.04509
3.25	0.04604
3.3	0.04721
3.35	0.04725
3.4	0.04692
3.45	0.04836
3.5	0.04984
3.55	0.05009
3.6	0.04931
3.65	0.04796
3.7	0.04791
3.75	0.04856
3.8	0.04889
3.85	0.04984
3.9	0.05151
3.95	0.05294
4	0.05313
4.05	0.05249
4.1	0.05252
4.15	0.05257
4.2	0.05203
4.25	0.05260
4.3	0.05257
4.35	0.05173
4.4	0.05066
4.45	0.04912
4.5	0.04733
4.55	0.04668
4.6	0.04649
4.65	0.04553
4.7	0.04463
4.75	0.04484
4.8	0.04660
4.85	0.04749
4.9	0.04778
4.95	0.04751
5	0.04778
5.05	0.04798
5.1	0.04789
5.15	0.04737
5.2	0.04675
5.25	0.04744
5.3	0.04887
5.35	0.04982
5.4	0.05058
5.45	0.05164
5.5	0.05263
5.55	0.05365
5.6	0.05423
5.65	0.05471
5.7	0.05482
5.75	0.05394
5.8	0.05347
5.85	0.05341
5.9	0.05320
5.95	0.05278
6	0.05194
6.05	0.05071
6.1	0.04935
6.15	0.04818
6.2	0.04787
6.25	0.04747
6.3	0.04680
6.35	0.04620
6.4	0.04540
6.45	0.04505
6.5	0.04531
6.55	0.04621
6.6	0.04775
6.65	0.04881
6.7	0.04880
6.75	0.04878
6.8	0.04903
6.85	0.04964
6.9	0.05034
6.95	0.05072
7	0.05094
7.05	0.05092
7.1	0.05059
7.15	0.05022
7.2	0.04951
7.25	0.04911
7.3	0.04919
7.35	0.04918
7.4	0.04946
7.45	0.04961
7.5	0.04916
7.55	0.04872
7.6	0.04838
7.65	0.04804
7.7	0.04828
7.75	0.04844
7.8	0.04830
7.85	0.04838
7.9	0.04815
7.95	0.04816
8	0.04857
8.05	0.04892
8.1	0.04934
8.15	0.04937
8.2	0.04947
8.25	0.05006
8.3	0.05076
8.35	0.05179
8.4	0.05282
8.45	0.05321
8.5	0.05323
8.55	0.05296
8.6	0.05249
8.65	0.05228
8.7	0.05184
8.75	0.05127
8.8	0.05083
8.85	0.05060
8.9	0.05052
8.95	0.05030
9	0.05006
9.05	0.04990
9.1	0.04944
9.15	0.04890
9.2	0.04848
9.25	0.04739
9.3	0.04633
9.35	0.04510
9.4	0.04358
9.45	0.04251
9.5	0.04195
9.55	0.04145
9.6	0.04158
9.65	0.04183
9.7	0.04217
9.75	0.04289
9.8	0.04341
9.85	0.04396
9.9	0.04431
9.95	0.04441
10	0.04481
10.05	0.04534
10.1	0.04602
10.15	0.04655
10.2	0.04739
10.25	0.04845
10.3	0.04916
10.35	0.04957
10.4	0.05028
10.45	0.05111
10.5	0.05174
10.55	0.05260
10.6	0.05351
10.65	0.05426
10.7	0.05404
10.75	0.05408
10.8	0.05437
10.85	0.05353
10.9	0.05259
10.95	0.05149
11	0.05046
11.05	0.04935
11.1	0.04883
11.15	0.04828
11.2	0.04791
11.25	0.04805
11.3	0.04804
11.35	0.04819
11.4	0.04841
11.45	0.04871
11.5	0.04884
11.55	0.04906
11.6	0.04936
11.65	0.05018
11.7	0.05036
11.75	0.05085
11.8	0.05107
11.85	0.05078
11.9	0.05062
11.95	0.05049
12	0.05047
12.05	0.04964
12.1	0.04946
12.15	0.04922
12.2	0.04860
12.25	0.04793
12.3	0.04782
12.35	0.04790
12.4	0.04799
12.45	0.04816
12.5	0.04830
12.55	0.04847
12.6	0.04821
12.65	0.04793
12.7	0.04774
12.75	0.04737
12.8	0.04700
12.85	0.04708
12.9	0.04693
12.95	0.04688
13	0.04680
13.05	0.04646
13.1	0.04638
13.15	0.04642
13.2	0.04675
13.25	0.04682
13.3	0.04723
13.35	0.04746
13.4	0.04777
13.45	0.04814
13.5	0.04816
13.55	0.04816
13.6	0.04789
13.65	0.04805
13.7	0.04800
13.75	0.04783
13.8	0.04801
13.85	0.04797
13.9	0.04798
13.95	0.04828
14	0.04857
14.05	0.04856
14.1	0.04900
14.15	0.04891
14.2	0.04850
14.25	0.04864
14.3	0.04844
14.35	0.04839
14.4	0.04854
14.45	0.04858
14.5	0.04891
14.55	0.04944
14.6	0.04968
14.65	0.04983
14.7	0.05001
14.75	0.05017
14.8	0.05033
14.85	0.05004
14.9	0.05030
14.95	0.05090
15	0.05120
15.05	0.05156
15.1	0.05216
15.15	0.05246
15.2	0.05231
15.25	0.05231
15.3	0.05236
15.35	0.05252
15.4	0.05302
15.45	0.05282
15.5	0.05267
15.55	0.05217
15.6	0.05232
15.65	0.05146
15.7	0.05111
15.75	0.05177
15.8	0.05197
15.85	0.05162
15.9	0.05132
15.95	0.05032
16	0.05031
16.05	0.05042
16.1	0.05032
16.15	0.05028
16.2	0.05042
16.25	0.05009
16.3	0.04973
16.35	0.04951
16.4	0.04920
16.45	0.04935
16.5	0.04925
16.55	0.04874
16.6	0.04877
16.65	0.04910
16.7	0.04934
16.75	0.04919
16.8	0.04868
16.85	0.04873
16.9	0.04823
16.95	0.04777
17	0.04774
17.05	0.04794
17.1	0.04841
17.15	0.04838
17.2	0.04907
17.25	0.04886
17.3	0.04841
17.35	0.04864
17.4	0.04911
17.45	0.04917
17.5	0.04881
17.55	0.04907
17.6	0.04934
17.65	0.04942
17.7	0.04920
17.75	0.04919
17.8	0.04964
17.85	0.04992
17.9	0.04960
17.95	0.04963
18	0.05023
18.05	0.05064
18.1	0.05125
18.15	0.05148
18.2	0.05159
18.25	0.05115
18.3	0.05076
18.35	0.05088
18.4	0.05130
18.45	0.05152
18.5	0.05149
18.55	0.05146
18.6	0.05162
18.65	0.05205
18.7	0.05176
18.75	0.05178
18.8	0.05261
18.85	0.05283
18.9	0.05162
18.95	0.05164
19	0.05206
19.05	0.05300
19.1	0.05275
19.15	0.05250
19.2	0.05195
19.25	0.05119
19.3	0.05122
19.35	0.05152
19.4	0.05158
19.45	0.05159
19.5	0.05140
19.55	0.05125
19.6	0.05152
19.65	0.05174
19.7	0.05128
19.75	0.05186
19.8	0.05197
19.85	0.05224
19.9	0.05220
19.95	0.05206
20	0.05197