5.000E-10
-5.000E-7
-1.879E-1
-2.093E-1
-2.307E-1
-2.522E-1
-2.736E-1
-2.951E-1
-2.951E-1
-3.165E-1
-3.380E-1
-3.594E-1
-3.594E-1
-3.809E-1
-4.023E-1
-4.238E-1
-4.452E-1
-4.667E-1
-4.667E-1
-4.881E-1
-5.096E-1
-5.310E-1
-5.310E-1
-5.525E-1
-5.739E-1
-5.954E-1
-5.954E-1
-6.168E-1
-6.383E-1
-6.597E-1
-6.597E-1
-6.812E-1
-7.026E-1
-7.241E-1
-7.241E-1
-7.455E-1
-7.670E-1
-7.884E-1
-7.884E-1
-8.099E-1
-8.313E-1
-8.528E-1
-8.528E-1
-8.742E-1
-8.957E-1
-9.171E-1
-9.171E-1
-9.386E-1
-9.386E-1
-9.600E-1
-9.815E-1
-1.003E+0
-1.003E+0
-1.024E+0
-1.024E+0
-1.046E+0
-1.046E+0
-1.067E+0
-1.089E+0
-1.110E+0
-1.110E+0
-1.132E+0
-1.132E+0
-1.153E+0
-1.175E+0
-1.196E+0
-1.196E+0
-1.217E+0
-1.239E+0
-1.260E+0
-1.260E+0
-1.282E+0
-1.282E+0
-1.303E+0
-1.303E+0
-1.325E+0
-1.325E+0
-1.346E+0
-1.346E+0
-1.368E+0
-1.368E+0
-1.389E+0
-1.389E+0
-1.410E+0
-1.410E+0
-1.432E+0
-1.432E+0
-1.453E+0
-1.453E+0
-1.475E+0
-1.475E+0
-1.475E+0
-1.475E+0
-1.496E+0
-1.496E+0
-1.518E+0
-1.518E+0
-1.539E+0
-1.539E+0
-1.561E+0
-1.561E+0
-1.582E+0
-1.582E+0
-1.604E+0
-1.604E+0
-1.625E+0
-1.625E+0
-1.646E+0
-1.646E+0
-1.646E+0
-1.646E+0
-1.668E+0
-1.668E+0
-1.668E+0
-1.668E+0
-1.689E+0
-1.689E+0
-1.711E+0
-1.711E+0
-1.711E+0
-1.711E+0
-1.732E+0
-1.732E+0
-1.732E+0
-1.732E+0
-1.754E+0
-1.754E+0
-1.754E+0
-1.754E+0
-1.754E+0
-1.754E+0
-1.775E+0
-1.775E+0
-1.775E+0
-1.775E+0
-1.775E+0
-1.775E+0
-1.775E+0
-1.775E+0
-1.797E+0
-1.797E+0
-1.797E+0
-1.797E+0
-1.797E+0
-1.797E+0
-1.818E+0
-1.818E+0
-1.818E+0
-1.818E+0
-1.839E+0
-1.839E+0
-1.839E+0
-1.839E+0
-1.839E+0
-1.839E+0
-1.839E+0
-1.839E+0
-1.839E+0
-1.839E+0
-1.839E+0
-1.839E+0
-1.839E+0
-1.839E+0
-1.839E+0
-1.839E+0
-1.839E+0
-1.839E+0
-1.839E+0
-1.839E+0
-1.839E+0
-1.839E+0
-1.818E+0
-1.818E+0
-1.818E+0
-1.818E+0
-1.818E+0
-1.818E+0
-1.818E+0
-1.818E+0
-1.818E+0
-1.818E+0
-1.818E+0
-1.818E+0
-1.797E+0
-1.797E+0
-1.797E+0
-1.797E+0
-1.775E+0
-1.775E+0
-1.775E+0
-1.775E+0
-1.754E+0
-1.754E+0
-1.754E+0
-1.754E+0
-1.732E+0
-1.732E+0
-1.711E+0
-1.711E+0
-1.711E+0
-1.711E+0
-1.689E+0
-1.689E+0
-1.689E+0
-1.689E+0
-1.668E+0
-1.668E+0
-1.646E+0
-1.646E+0
-1.625E+0
-1.625E+0
-1.625E+0
-1.625E+0
-1.604E+0
-1.604E+0
-1.582E+0
-1.582E+0
-1.561E+0
-1.561E+0
-1.539E+0
-1.539E+0
-1.539E+0
-1.539E+0
-1.518E+0
-1.518E+0
-1.496E+0
-1.496E+0
-1.475E+0
-1.475E+0
-1.453E+0
-1.453E+0
-1.432E+0
-1.432E+0
-1.410E+0
-1.410E+0
-1.389E+0
-1.389E+0
-1.368E+0
-1.368E+0
-1.346E+0
-1.325E+0
-1.303E+0
-1.303E+0
-1.282E+0
-1.282E+0
-1.260E+0
-1.260E+0
-1.239E+0
-1.239E+0
-1.217E+0
-1.196E+0
-1.175E+0
-1.175E+0
-1.153E+0
-1.153E+0
-1.132E+0
-1.110E+0
-1.089E+0
-1.089E+0
-1.067E+0
-1.067E+0
-1.046E+0
-1.024E+0
-1.003E+0
-1.003E+0
-9.815E-1
-9.815E-1
-9.600E-1
-9.386E-1
-9.171E-1
-9.171E-1
-8.957E-1
-8.742E-1
-8.528E-1
-8.528E-1
-8.313E-1
-8.099E-1
-7.884E-1
-7.884E-1
-7.670E-1
-7.455E-1
-7.241E-1
-7.241E-1
-7.026E-1
-6.812E-1
-6.597E-1
-6.597E-1
-6.383E-1
-6.168E-1
-5.954E-1
-5.954E-1
-5.739E-1
-5.525E-1
-5.310E-1
-5.310E-1
-5.096E-1
-4.881E-1
-4.667E-1
-4.667E-1
-4.452E-1
-4.238E-1
-4.023E-1
-4.023E-1
-3.809E-1
-3.594E-1
-3.380E-1
-3.380E-1
-3.165E-1
-2.951E-1
-2.736E-1
-2.736E-1
-2.522E-1
-2.307E-1
-2.093E-1
-2.093E-1
-1.879E-1
-1.664E-1
-1.450E-1
-1.235E-1
-1.021E-1
-1.021E-1
-8.060E-2
-5.915E-2
-3.770E-2
-1.625E-2
5.196E-3
2.665E-2
4.810E-2
4.810E-2
6.954E-2
9.099E-2
1.124E-1
1.124E-1
1.339E-1
1.553E-1
1.768E-1
1.982E-1
2.197E-1
2.411E-1
2.626E-1
2.626E-1
2.840E-1
3.055E-1
3.269E-1
3.484E-1
3.698E-1
3.913E-1
4.127E-1
4.127E-1
4.342E-1
4.556E-1
4.771E-1
4.985E-1
5.200E-1
5.200E-1
5.414E-1
5.629E-1
5.843E-1
5.843E-1
6.058E-1
6.058E-1
6.272E-1
6.487E-1
6.701E-1
6.701E-1
6.916E-1
6.916E-1
7.130E-1
7.345E-1
7.559E-1
7.559E-1
7.774E-1
7.988E-1
8.203E-1
8.203E-1
8.417E-1
8.417E-1
8.632E-1
8.846E-1
9.061E-1
9.061E-1
9.275E-1
9.490E-1
9.704E-1
9.704E-1
9.919E-1
1.013E+0
1.035E+0
1.035E+0
1.056E+0
1.056E+0
1.078E+0
1.099E+0
1.121E+0
1.121E+0
1.142E+0
1.142E+0
1.163E+0
1.185E+0
1.206E+0
1.206E+0
1.228E+0
1.228E+0
1.249E+0
1.249E+0
1.271E+0
1.271E+0
1.292E+0
1.314E+0
1.335E+0
1.335E+0
1.357E+0
1.357E+0
1.378E+0
1.378E+0
1.399E+0
1.399E+0
1.421E+0
1.421E+0
1.442E+0
1.442E+0
1.464E+0
1.464E+0
1.485E+0
1.485E+0
1.507E+0
1.507E+0
1.528E+0
1.528E+0
1.550E+0
1.550E+0
1.550E+0
1.550E+0
1.571E+0
1.571E+0
1.592E+0
1.592E+0
1.614E+0
1.614E+0
1.635E+0
1.635E+0
1.635E+0
1.635E+0
1.657E+0
1.657E+0
1.678E+0
1.678E+0
1.700E+0
1.700E+0
1.700E+0
1.700E+0
1.721E+0
1.721E+0
1.721E+0
1.721E+0
1.743E+0
1.743E+0
1.743E+0
1.743E+0
1.764E+0
1.764E+0
1.764E+0
1.764E+0
1.786E+0
1.786E+0
1.786E+0
1.786E+0
1.786E+0
1.786E+0
1.807E+0
1.807E+0
1.807E+0
1.807E+0
1.828E+0
1.828E+0
1.828E+0
1.828E+0
1.828E+0
1.828E+0
1.850E+0
1.850E+0
1.850E+0
1.850E+0
1.850E+0
1.850E+0
1.850E+0
1.850E+0
1.850E+0
1.850E+0
1.850E+0
1.850E+0
1.850E+0
1.850E+0
1.850E+0
1.850E+0
1.850E+0
1.850E+0
1.850E+0
1.850E+0
1.850E+0
1.850E+0
1.850E+0
1.850E+0
1.850E+0
1.850E+0
1.850E+0
1.850E+0
1.850E+0
1.850E+0
1.828E+0
1.828E+0
1.828E+0
1.828E+0
1.828E+0
1.828E+0
1.807E+0
1.807E+0
1.786E+0
1.786E+0
1.786E+0
1.786E+0
1.764E+0
1.764E+0
1.764E+0
1.764E+0
1.743E+0
1.743E+0
1.721E+0
1.721E+0
1.721E+0
1.721E+0
1.700E+0
1.700E+0
1.700E+0
1.700E+0
1.678E+0
1.678E+0
1.657E+0
1.657E+0
1.657E+0
1.657E+0
1.635E+0
1.635E+0
1.635E+0
1.635E+0
1.614E+0
1.614E+0
1.592E+0
1.592E+0
1.571E+0
1.571E+0
1.571E+0
1.571E+0
1.550E+0
1.550E+0
1.528E+0
1.528E+0
1.507E+0
1.507E+0
1.485E+0
1.485E+0
1.464E+0
1.464E+0
1.442E+0
1.442E+0
1.421E+0
1.421E+0
1.399E+0
1.399E+0
1.378E+0
1.378E+0
1.357E+0
1.335E+0
1.314E+0
1.314E+0
1.292E+0
1.292E+0
1.271E+0
1.249E+0
1.228E+0
1.228E+0
1.206E+0
1.185E+0
1.163E+0
1.163E+0
1.142E+0
1.121E+0
1.099E+0
1.099E+0
1.078E+0
1.078E+0
1.056E+0
1.035E+0
1.013E+0
1.013E+0
9.919E-1
9.919E-1
9.704E-1
9.704E-1
9.490E-1
9.275E-1
9.061E-1
9.061E-1
8.846E-1
8.846E-1
8.632E-1
8.632E-1
8.417E-1
8.203E-1
7.988E-1
7.988E-1
7.774E-1
7.774E-1
7.559E-1
7.345E-1
7.130E-1
6.916E-1
6.701E-1
6.701E-1
6.487E-1
6.272E-1
6.058E-1
6.058E-1
5.843E-1
5.629E-1
5.414E-1
5.414E-1
5.200E-1
4.985E-1
4.771E-1
4.771E-1
4.556E-1
4.342E-1
4.127E-1
4.127E-1
3.913E-1
3.698E-1
3.484E-1
3.484E-1
3.269E-1
3.055E-1
2.840E-1
2.840E-1
2.626E-1
2.411E-1
2.197E-1
1.982E-1
1.768E-1
1.553E-1
1.339E-1
1.339E-1
1.124E-1
9.099E-2
6.954E-2
4.810E-2
2.665E-2
5.196E-3
-1.625E-2
-1.625E-2
-3.770E-2
-5.915E-2
-8.060E-2
-8.060E-2
-1.021E-1
-1.235E-1
-1.450E-1
-1.450E-1
-1.664E-1
-1.879E-1
-2.093E-1
-2.093E-1
-2.307E-1
-2.307E-1
-2.522E-1
-2.736E-1
-2.951E-1
-3.165E-1
-3.380E-1
-3.380E-1
-3.594E-1
-3.809E-1
-4.023E-1
-4.023E-1
-4.238E-1
-4.452E-1
-4.667E-1
-4.881E-1
-5.096E-1
-5.096E-1
-5.310E-1
-5.525E-1
-5.739E-1
-5.739E-1
-5.954E-1
-6.168E-1
-6.383E-1
-6.597E-1
-6.812E-1
-6.812E-1
-7.026E-1
-7.241E-1
-7.455E-1
-7.455E-1
-7.670E-1
-7.884E-1
-8.099E-1
-8.313E-1
-8.528E-1
-8.528E-1
-8.742E-1
-8.742E-1
-8.957E-1
-9.171E-1
-9.386E-1
-9.386E-1
-9.600E-1
-9.600E-1
-9.815E-1
-9.815E-1
-1.003E+0
-1.003E+0
-1.024E+0
-1.046E+0
-1.067E+0
-1.067E+0
-1.089E+0
-1.089E+0
-1.110E+0
-1.132E+0
-1.153E+0
-1.153E+0
-1.175E+0
-1.175E+0
-1.196E+0
-1.217E+0
-1.239E+0
-1.239E+0
-1.260E+0
-1.260E+0
-1.282E+0
-1.282E+0
-1.303E+0
-1.303E+0
-1.325E+0
-1.325E+0
-1.346E+0
-1.346E+0
-1.368E+0
-1.389E+0
-1.410E+0
-1.410E+0
-1.432E+0
-1.432E+0
-1.453E+0
-1.453E+0
-1.475E+0
-1.475E+0
-1.496E+0
-1.496E+0
-1.518E+0
-1.518E+0
-1.539E+0
-1.539E+0
-1.539E+0
-1.539E+0
-1.561E+0
-1.561E+0
-1.582E+0
-1.582E+0
-1.604E+0
-1.604E+0
-1.604E+0
-1.604E+0
-1.625E+0
-1.625E+0
-1.646E+0
-1.646E+0
-1.646E+0
-1.646E+0
-1.668E+0
-1.668E+0
-1.689E+0
-1.689E+0
-1.689E+0
-1.689E+0
-1.711E+0
-1.711E+0
-1.732E+0
-1.732E+0
-1.732E+0
-1.732E+0
-1.754E+0
-1.754E+0
-1.754E+0
-1.754E+0
-1.775E+0
-1.775E+0
-1.775E+0
-1.775E+0
-1.797E+0
-1.797E+0
-1.797E+0
-1.797E+0
-1.797E+0
-1.797E+0
-1.797E+0
-1.797E+0
-1.797E+0
-1.797E+0
-1.797E+0
-1.797E+0
-1.818E+0
-1.818E+0
-1.818E+0
-1.818E+0
-1.818E+0
-1.818E+0
-1.818E+0
-1.818E+0
-1.818E+0
-1.818E+0
-1.839E+0
-1.839E+0
-1.839E+0
-1.839E+0
-1.839E+0
-1.839E+0
-1.839E+0
-1.839E+0
-1.839E+0
-1.839E+0
-1.839E+0
-1.839E+0
-1.839E+0
-1.839E+0
-1.839E+0
-1.839E+0
-1.818E+0
-1.818E+0
-1.818E+0
-1.818E+0
-1.818E+0
-1.818E+0
-1.797E+0
-1.797E+0
-1.797E+0
-1.797E+0
-1.797E+0
-1.797E+0
-1.797E+0
-1.797E+0
-1.775E+0
-1.775E+0
-1.775E+0
-1.775E+0
-1.775E+0
-1.775E+0
-1.754E+0
-1.754E+0
-1.754E+0
-1.754E+0
-1.732E+0
-1.732E+0
-1.732E+0
-1.732E+0
-1.711E+0
-1.711E+0
-1.689E+0
-1.689E+0
-1.668E+0
-1.668E+0
-1.668E+0
-1.668E+0
-1.646E+0
-1.646E+0
-1.625E+0
-1.625E+0
-1.604E+0
-1.604E+0
-1.582E+0
-1.582E+0
-1.582E+0
-1.582E+0
-1.561E+0
-1.561E+0
-1.539E+0
-1.539E+0
-1.518E+0
-1.518E+0
-1.496E+0
-1.496E+0
-1.496E+0
-1.496E+0
-1.475E+0
-1.475E+0
-1.453E+0
-1.453E+0
-1.432E+0
-1.432E+0
-1.410E+0
-1.410E+0
-1.389E+0
-1.389E+0
-1.368E+0
-1.368E+0
-1.346E+0
-1.346E+0
-1.325E+0
-1.325E+0
-1.303E+0
-1.303E+0
-1.282E+0
-1.260E+0
-1.239E+0
-1.239E+0
-1.217E+0
-1.196E+0
-1.175E+0
-1.175E+0
-1.153E+0
-1.153E+0
-1.132E+0
-1.110E+0
-1.089E+0
-1.089E+0
-1.067E+0
-1.067E+0
-1.046E+0
-1.024E+0
-1.003E+0
-1.003E+0
-9.815E-1
-9.815E-1
-9.600E-1
-9.600E-1
-9.386E-1
-9.386E-1
-9.171E-1
-8.957E-1
-8.742E-1
-8.742E-1
-8.528E-1
-8.528E-1
-8.313E-1
-8.099E-1
-7.884E-1
-7.670E-1
-7.455E-1
-7.455E-1
-7.241E-1
-7.026E-1
-6.812E-1
-6.812E-1
-6.597E-1
-6.383E-1
-6.168E-1
-5.954E-1
-5.739E-1
-5.739E-1
-5.525E-1
-5.310E-1
-5.096E-1
-5.096E-1
-4.881E-1
-4.667E-1
-4.452E-1
-4.238E-1
-4.023E-1
-4.023E-1
-3.809E-1
-3.594E-1
-3.380E-1
-3.380E-1
-3.165E-1
-2.951E-1
-2.736E-1
-2.522E-1
-2.307E-1
-2.307E-1
-2.093E-1
-1.879E-1
-1.664E-1
-1.664E-1
-1.450E-1
-1.235E-1
-1.021E-1
-8.060E-2
-5.915E-2
-5.915E-2
-3.770E-2
-1.625E-2
5.196E-3
5.196E-3
2.665E-2
4.810E-2
6.954E-2
9.099E-2
1.124E-1
1.339E-1
1.553E-1
1.553E-1
1.768E-1
1.982E-1
2.197E-1
2.411E-1
2.626E-1
2.840E-1
3.055E-1
3.055E-1
3.269E-1
3.484E-1
3.698E-1
3.698E-1
3.913E-1
4.127E-1
4.342E-1
4.342E-1
4.556E-1
4.771E-1
4.985E-1
4.985E-1
5.200E-1
5.414E-1
5.629E-1
5.629E-1
5.843E-1
6.058E-1
6.272E-1
6.272E-1
6.487E-1
6.701E-1
6.916E-1
6.916E-1
7.130E-1
7.345E-1
7.559E-1
7.559E-1
7.774E-1
7.988E-1
8.203E-1
8.203E-1
8.417E-1
8.632E-1
8.846E-1
8.846E-1
9.061E-1
9.275E-1
9.490E-1
9.490E-1
9.704E-1
9.704E-1
9.919E-1
1.013E+0
1.035E+0
1.035E+0
1.056E+0
1.056E+0
1.078E+0
1.099E+0
1.121E+0
1.121E+0
1.142E+0
1.142E+0
1.163E+0
1.163E+0
1.185E+0
1.185E+0
1.206E+0
1.228E+0
1.249E+0
1.249E+0
1.271E+0
1.271E+0
1.292E+0
1.292E+0
1.314E+0
1.314E+0
1.335E+0
1.335E+0
1.357E+0
1.357E+0
1.378E+0
1.378E+0
1.399E+0
1.399E+0
1.421E+0
1.421E+0
1.442E+0
1.442E+0
1.464E+0
1.464E+0
1.485E+0
1.485E+0
1.507E+0
1.507E+0
1.528E+0
1.528E+0
1.550E+0
1.550E+0
1.571E+0
1.571E+0
1.592E+0
1.592E+0
1.614E+0
1.614E+0
1.635E+0
1.635E+0
1.657E+0
1.657E+0
1.657E+0
1.657E+0
1.678E+0
1.678E+0
1.700E+0
1.700E+0
1.700E+0
1.700E+0
1.721E+0
1.721E+0
1.721E+0
1.721E+0
1.743E+0
1.743E+0
1.743E+0
1.743E+0
1.764E+0
1.764E+0
1.786E+0
1.786E+0
1.786E+0
1.786E+0
1.786E+0
1.786E+0
1.807E+0
1.807E+0
1.807E+0
1.807E+0
1.807E+0
1.807E+0
1.807E+0
1.807E+0
1.828E+0
1.828E+0
1.828E+0
1.828E+0
1.828E+0
1.828E+0
1.828E+0
1.828E+0
1.828E+0
1.828E+0
1.850E+0
1.850E+0
1.850E+0
1.850E+0
1.850E+0
1.850E+0
1.850E+0
1.850E+0
1.850E+0
1.850E+0
1.850E+0
1.850E+0
1.850E+0
1.850E+0
1.850E+0
1.850E+0
1.850E+0
1.850E+0
1.828E+0
1.828E+0
1.828E+0
1.828E+0
1.807E+0
1.807E+0
1.807E+0
1.807E+0
1.807E+0
1.807E+0
1.807E+0
1.807E+0
1.786E+0
1.786E+0
1.786E+0
1.786E+0
1.786E+0
1.786E+0
1.786E+0
1.786E+0
1.764E+0
1.764E+0
1.764E+0
1.764E+0
1.764E+0
1.764E+0
1.743E+0
1.743E+0
1.721E+0
1.721E+0
1.700E+0
1.700E+0
1.700E+0
1.700E+0
1.678E+0
1.678E+0
1.657E+0
1.657E+0
1.657E+0
1.657E+0
1.635E+0
1.635E+0
1.614E+0
1.614E+0
1.614E+0
1.614E+0
1.592E+0
1.592E+0
1.571E+0
1.571E+0
1.550E+0
1.550E+0
1.528E+0
1.528E+0
1.507E+0
1.507E+0
1.485E+0
1.485E+0
1.464E+0
1.464E+0
1.442E+0
1.442E+0
1.421E+0
1.421E+0
1.399E+0
1.399E+0
1.378E+0
1.378E+0
1.357E+0
1.357E+0
1.335E+0
1.335E+0
1.314E+0
1.292E+0
1.271E+0
1.271E+0
1.249E+0
1.249E+0
1.228E+0
1.228E+0
1.206E+0
1.185E+0
1.163E+0
1.163E+0
1.142E+0
1.142E+0
1.121E+0
1.121E+0
1.099E+0
1.099E+0
1.078E+0
1.078E+0
1.056E+0
1.035E+0
1.013E+0
1.013E+0
9.919E-1
9.704E-1
9.490E-1
9.490E-1
9.275E-1
9.061E-1
8.846E-1
8.846E-1
8.632E-1
8.417E-1
8.203E-1
8.203E-1
7.988E-1
7.774E-1
7.559E-1
7.559E-1
7.345E-1
7.130E-1
6.916E-1
6.916E-1
6.701E-1
6.487E-1
6.272E-1
6.272E-1
6.058E-1
5.843E-1
5.629E-1
5.629E-1
5.414E-1
5.200E-1
4.985E-1
4.771E-1
4.556E-1
4.556E-1
4.342E-1
4.127E-1
3.913E-1
3.913E-1
3.698E-1
3.484E-1
3.269E-1
3.055E-1
2.840E-1
2.840E-1
2.626E-1
2.411E-1
2.197E-1
2.197E-1
1.982E-1
1.768E-1
1.553E-1
1.553E-1
1.339E-1
1.124E-1
9.099E-2
6.954E-2
4.810E-2
4.810E-2
2.665E-2
5.196E-3
-1.625E-2
-3.770E-2
-5.915E-2
-8.060E-2
-1.021E-1
-1.021E-1
-1.235E-1
-1.450E-1
-1.664E-1
-1.879E-1
-2.093E-1
-2.093E-1
-2.307E-1
-2.522E-1
-2.736E-1
-2.736E-1
-2.951E-1
-3.165E-1
-3.380E-1
-3.380E-1
-3.594E-1
-3.809E-1
-4.023E-1
-4.023E-1
-4.238E-1
-4.452E-1
-4.667E-1
-4.667E-1
-4.881E-1
-5.096E-1
-5.310E-1
-5.310E-1
-5.525E-1
-5.739E-1
-5.954E-1
-5.954E-1
-6.168E-1
-6.383E-1
-6.597E-1
-6.597E-1
-6.812E-1
-7.026E-1
-7.241E-1
-7.455E-1
-7.670E-1
-7.670E-1
-7.884E-1
-8.099E-1
-8.313E-1
-8.528E-1
-8.742E-1
-8.742E-1
-8.957E-1
-9.171E-1
-9.386E-1
-9.386E-1
-9.600E-1
-9.600E-1
-9.815E-1
-9.815E-1
-1.003E+0
-1.003E+0
-1.024E+0
-1.046E+0
-1.067E+0
-1.067E+0
-1.089E+0
-1.089E+0
-1.110E+0
-1.132E+0
-1.153E+0
-1.153E+0
-1.175E+0
-1.196E+0
-1.217E+0
-1.217E+0
-1.239E+0
-1.239E+0
-1.260E+0
-1.260E+0
-1.282E+0
-1.282E+0
-1.303E+0
-1.303E+0
-1.325E+0
-1.325E+0
-1.346E+0
-1.346E+0
-1.368E+0
-1.368E+0
-1.389E+0
-1.389E+0
-1.410E+0
-1.432E+0
-1.453E+0
-1.453E+0
-1.475E+0
-1.475E+0
-1.496E+0
-1.496E+0
-1.518E+0
-1.518E+0
-1.539E+0
-1.539E+0
-1.539E+0
-1.539E+0
-1.561E+0
-1.561E+0
-1.561E+0
-1.561E+0
-1.582E+0
-1.582E+0
-1.604E+0
-1.604E+0
-1.625E+0
-1.625E+0
-1.625E+0
-1.625E+0
-1.646E+0
-1.646E+0
-1.668E+0
-1.668E+0
-1.668E+0
-1.668E+0
-1.689E+0
-1.689E+0
-1.711E+0
-1.711E+0
-1.711E+0
-1.711E+0
-1.732E+0
-1.732E+0
-1.754E+0
-1.754E+0
-1.754E+0
-1.754E+0
-1.775E+0
-1.775E+0
-1.775E+0
-1.775E+0
-1.797E+0
-1.797E+0
-1.797E+0
-1.797E+0
-1.818E+0
-1.818E+0
-1.818E+0
-1.818E+0
-1.818E+0
-1.818E+0
-1.818E+0
-1.818E+0
-1.818E+0
-1.818E+0
-1.818E+0
-1.818E+0
-1.839E+0
-1.839E+0
-1.839E+0
-1.839E+0
-1.839E+0
-1.839E+0
-1.839E+0
-1.839E+0
-1.839E+0
-1.839E+0
-1.839E+0
-1.839E+0
-1.839E+0
-1.839E+0
-1.839E+0
-1.839E+0
-1.839E+0
-1.839E+0
-1.839E+0
-1.839E+0
-1.839E+0
-1.839E+0
-1.839E+0
-1.839E+0
-1.839E+0
-1.839E+0
-1.839E+0
-1.839E+0
-1.818E+0
-1.818E+0
-1.818E+0
-1.818E+0
-1.797E+0
-1.797E+0
-1.797E+0
-1.797E+0
-1.775E+0
-1.775E+0
-1.775E+0
-1.775E+0
-1.775E+0
-1.775E+0
-1.754E+0
-1.754E+0
-1.754E+0
-1.754E+0
-1.754E+0
-1.754E+0
-1.732E+0
-1.732E+0
-1.732E+0
-1.732E+0
-1.711E+0
-1.711E+0
-1.711E+0
-1.711E+0
-1.689E+0
-1.689E+0
-1.668E+0
-1.668E+0
-1.668E+0
-1.668E+0
-1.646E+0
-1.646E+0
-1.625E+0
-1.625E+0
-1.604E+0
-1.604E+0
-1.604E+0
-1.604E+0
-1.582E+0
-1.582E+0
-1.561E+0
-1.561E+0
-1.539E+0
-1.539E+0
-1.518E+0
-1.518E+0
-1.496E+0
-1.496E+0
-1.475E+0
-1.453E+0
-1.432E+0
-1.432E+0
-1.410E+0
-1.410E+0
-1.389E+0
-1.389E+0
-1.368E+0
-1.368E+0
-1.346E+0
-1.346E+0
-1.325E+0
-1.325E+0
-1.303E+0
-1.303E+0
-1.282E+0
-1.282E+0
-1.260E+0
-1.260E+0
-1.239E+0
-1.217E+0
-1.196E+0
-1.196E+0
-1.175E+0
-1.175E+0
-1.153E+0
-1.153E+0
-1.132E+0
-1.132E+0
-1.110E+0
-1.089E+0
-1.067E+0
-1.067E+0
-1.046E+0
-1.024E+0
-1.003E+0
-1.003E+0
-9.815E-1
-9.600E-1
-9.386E-1
-9.386E-1
-9.171E-1
-8.957E-1
-8.742E-1
-8.742E-1
-8.528E-1
-8.313E-1
-8.099E-1
-8.099E-1
-7.884E-1
-7.670E-1
-7.455E-1
-7.455E-1
-7.241E-1
-7.026E-1
-6.812E-1
-6.812E-1
-6.597E-1
-6.383E-1
-6.168E-1
-6.168E-1
-5.954E-1
-5.739E-1
-5.525E-1
-5.310E-1
-5.096E-1
-5.096E-1
-4.881E-1
-4.667E-1
-4.452E-1
-4.452E-1
-4.238E-1
-4.023E-1
-3.809E-1
-3.594E-1
-3.380E-1
-3.380E-1
-3.165E-1
-3.165E-1
-2.951E-1
-2.736E-1
-2.522E-1
-2.522E-1
-2.307E-1
-2.093E-1
-1.879E-1
-1.879E-1
-1.664E-1
-1.450E-1
-1.235E-1
-1.235E-1
-1.021E-1
-8.060E-2
-5.915E-2
-3.770E-2
-1.625E-2
5.196E-3
2.665E-2
2.665E-2
4.810E-2
6.954E-2
9.099E-2
1.124E-1
1.339E-1
1.553E-1
1.768E-1
1.768E-1
1.982E-1
2.197E-1
2.411E-1
2.626E-1
2.840E-1
2.840E-1
3.055E-1
3.269E-1
3.484E-1
3.484E-1
3.698E-1
3.913E-1
4.127E-1
4.127E-1
4.342E-1
4.556E-1
4.771E-1
4.771E-1
4.985E-1
5.200E-1
5.414E-1
5.414E-1
5.629E-1
5.843E-1
6.058E-1
6.058E-1
6.272E-1
6.487E-1
6.701E-1
6.701E-1
6.916E-1
7.130E-1
7.345E-1
7.345E-1
7.559E-1
7.774E-1
7.988E-1
8.203E-1
8.417E-1
8.417E-1
8.632E-1
8.846E-1
9.061E-1
9.061E-1
9.275E-1
9.490E-1
9.704E-1
9.704E-1
9.919E-1
1.013E+0
1.035E+0
1.035E+0
1.056E+0
1.056E+0
1.078E+0
1.078E+0
1.099E+0
1.099E+0
1.121E+0
1.121E+0
1.142E+0
1.163E+0
1.185E+0
1.185E+0
1.206E+0
1.206E+0
1.228E+0
1.228E+0
1.249E+0
1.271E+0
1.292E+0
1.292E+0
1.314E+0
1.314E+0
1.335E+0
1.335E+0
1.357E+0
1.357E+0
1.378E+0
1.378E+0
1.399E+0
1.399E+0
1.399E+0
1.399E+0
1.421E+0
1.421E+0
1.442E+0
1.442E+0
1.464E+0
1.464E+0
1.485E+0
1.485E+0
1.507E+0
1.507E+0
1.528E+0
1.528E+0
1.550E+0
1.550E+0
1.571E+0
1.571E+0
1.592E+0
1.592E+0
1.614E+0
1.614E+0
1.635E+0
1.635E+0
1.657E+0
1.657E+0
1.678E+0
1.678E+0
1.678E+0
1.678E+0
1.700E+0
1.700E+0
1.721E+0
1.721E+0
1.721E+0
1.721E+0
1.743E+0
1.743E+0
1.743E+0
1.743E+0
1.764E+0
1.764E+0
1.764E+0
1.764E+0
1.786E+0
1.786E+0
1.786E+0
1.786E+0
1.786E+0
1.786E+0
1.807E+0
1.807E+0
1.807E+0
1.807E+0
1.807E+0
1.807E+0
1.828E+0
1.828E+0
1.828E+0
1.828E+0
1.828E+0
1.828E+0
1.850E+0
1.850E+0
1.850E+0
1.850E+0
1.850E+0
1.850E+0
1.850E+0
1.850E+0
1.850E+0
1.850E+0
1.850E+0
1.850E+0
1.850E+0
1.850E+0
1.850E+0
1.850E+0
1.850E+0
1.850E+0
1.850E+0
1.850E+0
1.850E+0
1.850E+0
1.850E+0
1.850E+0
1.850E+0
1.850E+0
1.828E+0
1.828E+0
1.828E+0
1.828E+0
1.828E+0
1.828E+0
1.807E+0
1.807E+0
1.807E+0
1.807E+0
1.807E+0
1.807E+0
1.786E+0
1.786E+0
1.786E+0
1.786E+0
1.786E+0
1.786E+0
1.764E+0
1.764E+0
1.764E+0
1.764E+0
1.743E+0
1.743E+0
1.743E+0
1.743E+0
1.721E+0
1.721E+0
1.700E+0
1.700E+0
1.678E+0
1.678E+0
1.678E+0
1.678E+0
1.657E+0
1.657E+0
1.635E+0
1.635E+0
1.614E+0
1.614E+0
1.592E+0
1.592E+0
1.592E+0
1.592E+0
1.571E+0
1.571E+0
1.550E+0
1.550E+0
1.528E+0
1.528E+0
1.507E+0
1.507E+0
1.485E+0
1.485E+0
1.464E+0
1.464E+0
1.442E+0
1.442E+0
1.421E+0
1.421E+0
1.399E+0
1.378E+0
1.357E+0
1.357E+0
1.335E+0
1.335E+0
1.314E+0
1.314E+0
1.292E+0
1.292E+0
1.271E+0
1.271E+0
1.249E+0
1.249E+0
1.228E+0
1.228E+0
1.206E+0
1.206E+0
1.185E+0
1.185E+0
1.163E+0
1.163E+0
1.142E+0
1.121E+0
1.099E+0
1.099E+0
1.078E+0
1.078E+0
1.056E+0
1.035E+0
1.013E+0
1.013E+0
9.919E-1
9.919E-1
9.704E-1
9.490E-1
9.275E-1
9.061E-1
8.846E-1
8.846E-1
8.632E-1
8.417E-1
8.203E-1
8.203E-1
7.988E-1
7.774E-1
7.559E-1
7.559E-1
7.345E-1
7.130E-1
6.916E-1
6.916E-1
6.701E-1
6.487E-1
6.272E-1
6.272E-1
6.058E-1
5.843E-1
5.629E-1
5.629E-1
5.414E-1
5.200E-1
4.985E-1
4.985E-1
4.771E-1
4.556E-1
4.342E-1
4.342E-1
4.127E-1
3.913E-1
3.698E-1
3.698E-1
3.484E-1
3.269E-1
3.055E-1
3.055E-1
2.840E-1
2.626E-1
2.411E-1
2.197E-1
1.982E-1
1.982E-1
1.768E-1
1.553E-1
1.339E-1
1.124E-1
9.099E-2
6.954E-2
4.810E-2
4.810E-2
2.665E-2
5.196E-3
-1.625E-2
-1.625E-2
