0.000E+0	0.000E+0	0.000E+0	1.297E-2	6.256E-3	-6.714E-3	7.322E+0	5.557E-7	1.801E-6
0.000E+0	0.000E+0	1.000E-2	1.221E-2	6.104E-3	-6.104E-3	7.318E+0	4.845E-7	1.780E-6
0.000E+0	0.000E+0	2.000E-2	1.168E-2	5.929E-3	-5.754E-3	7.315E+0	4.009E-7	1.720E-6
0.000E+0	0.000E+0	3.000E-2	9.766E-3	4.883E-3	-4.883E-3	7.312E+0	3.075E-7	1.714E-6
0.000E+0	0.000E+0	4.000E-2	1.011E-2	4.883E-3	-5.231E-3	7.306E+0	2.469E-7	1.704E-6
0.000E+0	0.000E+0	5.000E-2	8.087E-3	3.967E-3	-4.120E-3	7.301E+0	2.085E-7	1.788E-6
0.000E+0	0.000E+0	6.000E-2	8.620E-3	4.195E-3	-4.424E-3	7.301E+0	2.267E-7	1.860E-6
0.000E+0	0.000E+0	7.000E-2	9.688E-3	4.577E-3	-5.111E-3	7.306E+0	2.965E-7	1.891E-6
0.000E+0	0.000E+0	8.000E-2	1.144E-2	5.416E-3	-6.026E-3	7.312E+0	4.230E-7	1.903E-6
0.000E+0	0.000E+0	9.000E-2	1.205E-2	6.104E-3	-5.951E-3	7.317E+0	5.225E-7	1.889E-6
0.000E+0	0.000E+0	1.000E-1	1.251E-2	6.256E-3	-6.256E-3	7.318E+0	5.658E-7	1.884E-6
0.000E+0	0.000E+0	1.100E-1	1.312E-2	6.409E-3	-6.714E-3	7.320E+0	5.652E-7	1.847E-6
0.000E+0	0.000E+0	1.200E-1	1.282E-2	6.562E-3	-6.256E-3	7.315E+0	5.489E-7	1.799E-6
0.000E+0	0.000E+0	1.300E-1	1.297E-2	6.562E-3	-6.409E-3	7.312E+0	5.166E-7	1.779E-6
0.000E+0	0.000E+0	1.400E-1	1.190E-2	5.951E-3	-5.951E-3	7.306E+0	4.603E-7	1.742E-6
0.000E+0	0.000E+0	1.500E-1	1.099E-2	5.646E-3	-5.341E-3	7.302E+0	3.984E-7	1.781E-6
0.000E+0	0.000E+0	1.600E-1	1.064E-2	5.231E-3	-5.406E-3	7.299E+0	3.561E-7	1.793E-6
0.000E+0	0.000E+0	1.700E-1	1.022E-2	5.188E-3	-5.036E-3	7.300E+0	3.514E-7	1.863E-6
0.000E+0	0.000E+0	1.800E-1	1.053E-2	5.188E-3	-5.341E-3	7.302E+0	4.191E-7	1.885E-6
0.000E+0	0.000E+0	1.900E-1	1.190E-2	5.646E-3	-6.256E-3	7.308E+0	5.090E-7	1.893E-6
0.000E+0	0.000E+0	2.000E-1	1.205E-2	6.104E-3	-5.951E-3	7.313E+0	5.445E-7	1.898E-6
0.000E+0	0.000E+0	2.100E-1	1.251E-2	6.409E-3	-6.104E-3	7.316E+0	5.392E-7	1.887E-6
0.000E+0	0.000E+0	2.200E-1	1.251E-2	6.104E-3	-6.409E-3	7.313E+0	5.275E-7	1.830E-6
0.000E+0	0.000E+0	2.300E-1	1.273E-2	6.103E-3	-6.626E-3	7.313E+0	5.430E-7	1.793E-6
0.000E+0	0.000E+0	2.400E-1	1.312E-2	6.409E-3	-6.714E-3	7.307E+0	5.443E-7	1.737E-6
0.000E+0	0.000E+0	2.500E-1	1.267E-2	6.409E-3	-6.256E-3	7.301E+0	5.280E-7	1.733E-6
0.000E+0	0.000E+0	2.600E-1	1.190E-2	5.951E-3	-5.951E-3	7.297E+0	5.037E-7	1.794E-6
0.000E+0	0.000E+0	2.700E-1	1.175E-2	5.951E-3	-5.799E-3	7.295E+0	4.738E-7	1.799E-6
0.000E+0	0.000E+0	2.800E-1	1.160E-2	5.646E-3	-5.951E-3	7.297E+0	4.921E-7	1.823E-6
0.000E+0	0.000E+0	2.900E-1	1.190E-2	6.104E-3	-5.799E-3	7.302E+0	5.307E-7	1.879E-6
0.000E+0	0.000E+0	3.000E-1	1.205E-2	5.951E-3	-6.104E-3	7.306E+0	5.445E-7	1.889E-6
0.000E+0	0.000E+0	3.100E-1	1.160E-2	5.799E-3	-5.799E-3	7.310E+0	4.960E-7	1.892E-6
0.000E+0	0.000E+0	3.200E-1	1.129E-2	5.799E-3	-5.493E-3	7.313E+0	4.431E-7	1.878E-6
0.000E+0	0.000E+0	3.300E-1	1.114E-2	5.646E-3	-5.493E-3	7.312E+0	4.229E-7	1.834E-6
0.000E+0	0.000E+0	3.400E-1	1.203E-2	5.929E-3	-6.103E-3	7.307E+0	4.416E-7	1.783E-6
0.000E+0	0.000E+0	3.500E-1	1.203E-2	5.929E-3	-6.103E-3	7.301E+0	4.696E-7	1.769E-6
0.000E+0	0.000E+0	3.600E-1	1.236E-2	5.951E-3	-6.409E-3	7.296E+0	4.831E-7	1.737E-6
0.000E+0	0.000E+0	3.700E-1	1.205E-2	5.951E-3	-6.104E-3	7.294E+0	4.951E-7	1.773E-6
0.000E+0	0.000E+0	3.800E-1	1.175E-2	5.951E-3	-5.799E-3	7.293E+0	5.207E-7	1.767E-6
0.000E+0	0.000E+0	3.900E-1	1.205E-2	6.104E-3	-5.951E-3	7.296E+0	5.551E-7	1.816E-6
0.000E+0	0.000E+0	4.000E-1	1.236E-2	5.951E-3	-6.409E-3	7.301E+0	5.513E-7	1.875E-6
0.000E+0	0.000E+0	4.100E-1	1.168E-2	5.580E-3	-6.103E-3	7.304E+0	5.048E-7	1.887E-6
0.000E+0	0.000E+0	4.200E-1	1.091E-2	5.263E-3	-5.645E-3	7.309E+0	4.300E-7	1.889E-6
0.000E+0	0.000E+0	4.300E-1	1.083E-2	5.493E-3	-5.341E-3	7.312E+0	3.491E-7	1.834E-6
0.000E+0	0.000E+0	4.400E-1	1.114E-2	5.341E-3	-5.799E-3	7.306E+0	3.285E-7	1.796E-6
0.000E+0	0.000E+0	4.500E-1	1.083E-2	5.263E-3	-5.569E-3	7.306E+0	3.479E-7	1.770E-6
0.000E+0	0.000E+0	4.600E-1	1.205E-2	5.646E-3	-6.409E-3	7.300E+0	3.837E-7	1.716E-6
0.000E+0	0.000E+0	4.700E-1	1.203E-2	5.754E-3	-6.278E-3	7.291E+0	4.294E-7	1.724E-6
0.000E+0	0.000E+0	4.800E-1	1.221E-2	5.951E-3	-6.256E-3	7.294E+0	4.984E-7	1.772E-6
0.000E+0	0.000E+0	4.900E-1	1.251E-2	6.104E-3	-6.409E-3	7.294E+0	5.685E-7	1.793E-6
0.000E+0	0.000E+0	5.000E-1	1.282E-2	6.409E-3	-6.409E-3	7.297E+0	5.947E-7	1.815E-6
0.000E+0	0.000E+0	5.100E-1	1.236E-2	6.104E-3	-6.256E-3	7.302E+0	5.697E-7	1.833E-6
0.000E+0	0.000E+0	5.200E-1	1.236E-2	5.951E-3	-6.409E-3	7.308E+0	4.837E-7	1.913E-6
0.000E+0	0.000E+0	5.300E-1	1.068E-2	5.341E-3	-5.341E-3	7.310E+0	3.915E-7	1.922E-6
0.000E+0	0.000E+0	5.400E-1	1.022E-2	4.806E-3	-5.416E-3	7.315E+0	3.325E-7	1.875E-6
0.000E+0	0.000E+0	5.500E-1	9.766E-3	4.883E-3	-4.883E-3	7.314E+0	2.959E-7	1.798E-6
0.000E+0	0.000E+0	5.600E-1	1.029E-2	5.057E-3	-5.231E-3	7.308E+0	3.043E-7	1.775E-6
0.000E+0	0.000E+0	5.700E-1	1.053E-2	5.188E-3	-5.341E-3	7.302E+0	3.505E-7	1.721E-6
0.000E+0	0.000E+0	5.800E-1	1.144E-2	5.493E-3	-5.951E-3	7.298E+0	4.373E-7	1.766E-6
0.000E+0	0.000E+0	5.900E-1	1.282E-2	6.409E-3	-6.409E-3	7.299E+0	5.626E-7	1.807E-6
0.000E+0	0.000E+0	6.000E-1	1.343E-2	6.409E-3	-7.019E-3	7.301E+0	6.468E-7	1.845E-6
0.000E+0	0.000E+0	6.100E-1	1.373E-2	6.867E-3	-6.867E-3	7.305E+0	6.683E-7	1.847E-6
0.000E+0	0.000E+0	6.200E-1	1.267E-2	6.409E-3	-6.256E-3	7.309E+0	6.212E-7	1.892E-6
0.000E+0	0.000E+0	6.300E-1	1.236E-2	6.409E-3	-5.951E-3	7.313E+0	5.350E-7	1.913E-6
0.000E+0	0.000E+0	6.400E-1	1.144E-2	5.951E-3	-5.493E-3	7.313E+0	4.518E-7	1.935E-6
0.000E+0	0.000E+0	6.500E-1	1.098E-2	5.035E-3	-5.950E-3	7.315E+0	4.026E-7	1.926E-6
0.000E+0	0.000E+0	6.600E-1	1.053E-2	4.958E-3	-5.569E-3	7.313E+0	3.793E-7	1.860E-6
0.000E+0	0.000E+0	6.700E-1	1.160E-2	5.341E-3	-6.256E-3	7.308E+0	4.017E-7	1.846E-6
0.000E+0	0.000E+0	6.800E-1	1.175E-2	5.799E-3	-5.951E-3	7.307E+0	4.846E-7	1.855E-6
0.000E+0	0.000E+0	6.900E-1	1.312E-2	6.409E-3	-6.714E-3	7.306E+0	6.305E-7	1.859E-6
0.000E+0	0.000E+0	7.000E-1	1.450E-2	6.867E-3	-7.630E-3	7.306E+0	7.812E-7	1.866E-6
0.000E+0	0.000E+0	7.100E-1	1.511E-2	7.477E-3	-7.630E-3	7.307E+0	8.831E-7	1.890E-6
0.000E+0	0.000E+0	7.200E-1	1.495E-2	7.325E-3	-7.630E-3	7.308E+0	8.890E-7	1.908E-6
0.000E+0	0.000E+0	7.300E-1	1.434E-2	7.172E-3	-7.172E-3	7.311E+0	8.147E-7	1.915E-6
0.000E+0	0.000E+0	7.400E-1	1.389E-2	6.562E-3	-7.325E-3	7.312E+0	7.175E-7	1.921E-6
0.000E+0	0.000E+0	7.500E-1	1.251E-2	6.104E-3	-6.409E-3	7.313E+0	6.309E-7	1.933E-6
0.000E+0	0.000E+0	7.600E-1	1.273E-2	6.103E-3	-6.626E-3	7.311E+0	5.888E-7	1.924E-6
0.000E+0	0.000E+0	7.700E-1	1.297E-2	6.714E-3	-6.256E-3	7.305E+0	6.062E-7	1.877E-6
0.000E+0	0.000E+0	7.800E-1	1.343E-2	6.714E-3	-6.714E-3	7.304E+0	7.014E-7	1.900E-6
0.000E+0	0.000E+0	7.900E-1	1.450E-2	7.019E-3	-7.477E-3	7.305E+0	8.827E-7	1.884E-6
0.000E+0	0.000E+0	8.000E-1	1.633E-2	7.935E-3	-8.393E-3	7.306E+0	1.064E-6	1.892E-6
0.000E+0	0.000E+0	8.100E-1	1.648E-2	8.087E-3	-8.393E-3	7.305E+0	1.207E-6	1.897E-6
0.000E+0	0.000E+0	8.200E-1	1.709E-2	8.545E-3	-8.545E-3	7.305E+0	1.242E-6	1.902E-6
0.000E+0	0.000E+0	8.300E-1	1.679E-2	8.087E-3	-8.698E-3	7.305E+0	1.157E-6	1.912E-6
0.000E+0	0.000E+0	8.400E-1	1.587E-2	7.630E-3	-8.240E-3	7.308E+0	1.034E-6	1.909E-6
0.000E+0	0.000E+0	8.500E-1	1.480E-2	7.477E-3	-7.325E-3	7.308E+0	9.221E-7	1.897E-6
0.000E+0	0.000E+0	8.600E-1	1.465E-2	7.477E-3	-7.172E-3	7.304E+0	8.652E-7	1.889E-6
0.000E+0	0.000E+0	8.700E-1	1.541E-2	7.325E-3	-8.087E-3	7.300E+0	8.920E-7	1.882E-6
0.000E+0	0.000E+0	8.800E-1	1.572E-2	7.935E-3	-7.782E-3	7.298E+0	1.015E-6	1.884E-6
0.000E+0	0.000E+0	8.900E-1	1.694E-2	8.393E-3	-8.545E-3	7.299E+0	1.241E-6	1.888E-6
0.000E+0	0.000E+0	9.000E-1	1.770E-2	8.698E-3	-9.003E-3	7.301E+0	1.438E-6	1.894E-6
0.000E+0	0.000E+0	9.100E-1	1.846E-2	9.003E-3	-9.461E-3	7.300E+0	1.573E-6	1.897E-6
0.000E+0	0.000E+0	9.200E-1	1.892E-2	9.461E-3	-9.461E-3	7.300E+0	1.556E-6	1.902E-6
0.000E+0	0.000E+0	9.300E-1	1.755E-2	8.850E-3	-8.698E-3	7.300E+0	1.433E-6	1.901E-6
0.000E+0	0.000E+0	9.400E-1	1.709E-2	8.393E-3	-8.698E-3	7.301E+0	1.273E-6	1.896E-6
0.000E+0	0.000E+0	9.500E-1	1.602E-2	7.935E-3	-8.087E-3	7.300E+0	1.130E-6	1.891E-6
0.000E+0	0.000E+0	9.600E-1	1.587E-2	7.782E-3	-8.087E-3	7.297E+0	1.066E-6	1.883E-6
0.000E+0	0.000E+0	9.700E-1	1.572E-2	7.630E-3	-8.087E-3	7.293E+0	1.114E-6	1.880E-6
0.000E+0	0.000E+0	9.800E-1	1.724E-2	8.393E-3	-8.850E-3	7.291E+0	1.264E-6	1.885E-6
0.000E+0	0.000E+0	9.900E-1	1.770E-2	8.850E-3	-8.850E-3	7.293E+0	1.490E-6	1.888E-6
0.000E+0	0.000E+0	1.000E+0	1.923E-2	9.461E-3	-9.766E-3	7.294E+0	1.706E-6	1.890E-6
0.000E+0	0.000E+0	1.010E+0	1.938E-2	9.766E-3	-9.613E-3	7.294E+0	1.808E-6	1.899E-6
0.000E+0	0.000E+0	1.020E+0	1.892E-2	9.461E-3	-9.461E-3	7.294E+0	1.766E-6	1.900E-6
0.000E+0	0.000E+0	1.030E+0	1.831E-2	9.003E-3	-9.308E-3	7.295E+0	1.590E-6	1.902E-6
0.000E+0	0.000E+0	1.040E+0	1.740E-2	8.698E-3	-8.698E-3	7.293E+0	1.430E-6	1.896E-6
0.000E+0	0.000E+0	1.050E+0	1.633E-2	8.087E-3	-8.240E-3	7.290E+0	1.243E-6	1.891E-6
0.000E+0	0.000E+0	1.060E+0	1.617E-2	8.087E-3	-8.087E-3	7.288E+0	1.198E-6	1.880E-6
0.000E+0	0.000E+0	1.070E+0	1.648E-2	8.240E-3	-8.240E-3	7.286E+0	1.287E-6	1.883E-6
0.000E+0	0.000E+0	1.080E+0	1.740E-2	8.545E-3	-8.850E-3	7.286E+0	1.480E-6	1.885E-6
0.000E+0	0.000E+0	1.090E+0	1.862E-2	9.156E-3	-9.461E-3	7.286E+0	1.718E-6	1.894E-6
0.000E+0	0.000E+0	1.100E+0	1.953E-2	9.461E-3	-1.007E-2	7.287E+0	1.900E-6	1.896E-6
0.000E+0	0.000E+0	1.110E+0	1.938E-2	9.461E-3	-9.919E-3	7.287E+0	1.954E-6	1.899E-6
0.000E+0	0.000E+0	1.120E+0	1.953E-2	9.308E-3	-1.022E-2	7.286E+0	1.838E-6	1.899E-6
0.000E+0	0.000E+0	1.130E+0	1.831E-2	8.850E-3	-9.461E-3	7.286E+0	1.613E-6	1.898E-6
0.000E+0	0.000E+0	1.140E+0	1.694E-2	8.240E-3	-8.698E-3	7.285E+0	1.409E-6	1.890E-6
0.000E+0	0.000E+0	1.150E+0	1.587E-2	7.935E-3	-7.935E-3	7.283E+0	1.268E-6	1.890E-6
0.000E+0	0.000E+0	1.160E+0	1.602E-2	7.935E-3	-8.087E-3	7.281E+0	1.293E-6	1.887E-6
0.000E+0	0.000E+0	1.170E+0	1.709E-2	8.393E-3	-8.698E-3	7.280E+0	1.458E-6	1.890E-6
0.000E+0	0.000E+0	1.180E+0	1.816E-2	9.156E-3	-9.003E-3	7.281E+0	1.693E-6	1.893E-6
0.000E+0	0.000E+0	1.190E+0	1.892E-2	9.461E-3	-9.461E-3	7.282E+0	1.917E-6	1.898E-6
0.000E+0	0.000E+0	1.200E+0	1.953E-2	9.766E-3	-9.766E-3	7.283E+0	2.026E-6	1.897E-6
0.000E+0	0.000E+0	1.210E+0	1.953E-2	9.766E-3	-9.766E-3	7.284E+0	1.992E-6	1.899E-6
0.000E+0	0.000E+0	1.220E+0	1.862E-2	9.156E-3	-9.461E-3	7.282E+0	1.843E-6	1.901E-6
0.000E+0	0.000E+0	1.230E+0	1.801E-2	8.850E-3	-9.156E-3	7.281E+0	1.600E-6	1.897E-6
0.000E+0	0.000E+0	1.240E+0	1.694E-2	8.240E-3	-8.698E-3	7.280E+0	1.447E-6	1.898E-6
0.000E+0	0.000E+0	1.250E+0	1.663E-2	8.087E-3	-8.545E-3	7.280E+0	1.414E-6	1.898E-6
0.000E+0	0.000E+0	1.260E+0	1.755E-2	8.698E-3	-8.850E-3	7.281E+0	1.527E-6	1.898E-6
0.000E+0	0.000E+0	1.270E+0	1.892E-2	9.461E-3	-9.461E-3	7.281E+0	1.796E-6	1.901E-6
0.000E+0	0.000E+0	1.280E+0	1.999E-2	9.919E-3	-1.007E-2	7.282E+0	2.053E-6	1.900E-6
0.000E+0	0.000E+0	1.290E+0	2.045E-2	1.007E-2	-1.038E-2	7.282E+0	2.244E-6	1.902E-6
0.000E+0	0.000E+0	1.300E+0	2.091E-2	1.053E-2	-1.038E-2	7.282E+0	2.294E-6	1.907E-6
0.000E+0	0.000E+0	1.310E+0	2.029E-2	1.007E-2	-1.022E-2	7.282E+0	2.174E-6	1.906E-6
0.000E+0	0.000E+0	1.320E+0	1.923E-2	9.613E-3	-9.613E-3	7.282E+0	1.980E-6	1.905E-6
0.000E+0	0.000E+0	1.330E+0	1.846E-2	9.156E-3	-9.308E-3	7.281E+0	1.798E-6	1.910E-6
0.000E+0	0.000E+0	1.340E+0	1.785E-2	8.698E-3	-9.156E-3	7.282E+0	1.732E-6	1.920E-6
0.000E+0	0.000E+0	1.350E+0	1.862E-2	9.156E-3	-9.461E-3	7.284E+0	1.864E-6	1.939E-6
0.000E+0	0.000E+0	1.360E+0	1.988E-2	9.941E-3	-9.941E-3	7.286E+0	2.054E-6	1.943E-6
0.000E+0	0.000E+0	1.370E+0	2.091E-2	1.038E-2	-1.053E-2	7.287E+0	2.392E-6	1.939E-6
0.000E+0	0.000E+0	1.380E+0	2.228E-2	1.129E-2	-1.099E-2	7.287E+0	2.649E-6	1.943E-6
0.000E+0	0.000E+0	1.390E+0	2.365E-2	1.175E-2	-1.190E-2	7.287E+0	2.794E-6	1.922E-6
0.000E+0	0.000E+0	1.400E+0	2.289E-2	1.129E-2	-1.160E-2	7.287E+0	2.775E-6	1.946E-6
0.000E+0	0.000E+0	1.410E+0	2.213E-2	1.114E-2	-1.099E-2	7.287E+0	2.676E-6	1.953E-6
0.000E+0	0.000E+0	1.420E+0	2.152E-2	1.099E-2	-1.053E-2	7.288E+0	2.464E-6	1.956E-6
0.000E+0	0.000E+0	1.430E+0	2.152E-2	1.068E-2	-1.083E-2	7.288E+0	2.386E-6	1.963E-6
0.000E+0	0.000E+0	1.440E+0	2.197E-2	1.099E-2	-1.099E-2	7.291E+0	2.474E-6	1.966E-6
0.000E+0	0.000E+0	1.450E+0	2.319E-2	1.160E-2	-1.160E-2	7.292E+0	2.712E-6	1.963E-6
0.000E+0	0.000E+0	1.460E+0	2.380E-2	1.160E-2	-1.221E-2	7.294E+0	2.996E-6	1.965E-6
0.000E+0	0.000E+0	1.470E+0	2.518E-2	1.267E-2	-1.251E-2	7.294E+0	3.348E-6	1.964E-6
0.000E+0	0.000E+0	1.480E+0	2.533E-2	1.251E-2	-1.282E-2	7.293E+0	3.545E-6	1.958E-6
0.000E+0	0.000E+0	1.490E+0	2.511E-2	1.256E-2	-1.256E-2	7.293E+0	3.567E-6	1.965E-6
0.000E+0	0.000E+0	1.500E+0	2.518E-2	1.251E-2	-1.267E-2	7.293E+0	3.497E-6	1.968E-6
0.000E+0	0.000E+0	1.510E+0	2.503E-2	1.221E-2	-1.282E-2	7.294E+0	3.329E-6	1.973E-6
0.000E+0	0.000E+0	1.520E+0	2.472E-2	1.205E-2	-1.267E-2	7.295E+0	3.221E-6	1.977E-6
0.000E+0	0.000E+0	1.530E+0	2.487E-2	1.221E-2	-1.267E-2	7.297E+0	3.255E-6	1.982E-6
0.000E+0	0.000E+0	1.540E+0	2.533E-2	1.251E-2	-1.282E-2	7.298E+0	3.463E-6	2.018E-6
0.000E+0	0.000E+0	1.550E+0	2.640E-2	1.328E-2	-1.312E-2	7.299E+0	3.839E-6	2.016E-6
0.000E+0	0.000E+0	1.560E+0	2.777E-2	1.358E-2	-1.419E-2	7.299E+0	4.194E-6	1.988E-6
0.000E+0	0.000E+0	1.570E+0	2.823E-2	1.419E-2	-1.404E-2	7.299E+0	4.465E-6	1.978E-6
0.000E+0	0.000E+0	1.580E+0	2.869E-2	1.450E-2	-1.419E-2	7.299E+0	4.593E-6	1.976E-6
0.000E+0	0.000E+0	1.590E+0	2.907E-2	1.442E-2	-1.465E-2	7.298E+0	4.527E-6	1.979E-6
0.000E+0	0.000E+0	1.600E+0	2.853E-2	1.434E-2	-1.419E-2	7.300E+0	4.389E-6	1.987E-6
0.000E+0	0.000E+0	1.610E+0	2.808E-2	1.404E-2	-1.404E-2	7.301E+0	4.250E-6	2.027E-6
0.000E+0	0.000E+0	1.620E+0	2.823E-2	1.419E-2	-1.404E-2	7.301E+0	4.202E-6	2.026E-6
0.000E+0	0.000E+0	1.630E+0	2.915E-2	1.450E-2	-1.465E-2	7.302E+0	4.362E-6	2.031E-6
0.000E+0	0.000E+0	1.640E+0	2.976E-2	1.495E-2	-1.480E-2	7.304E+0	4.660E-6	1.996E-6
0.000E+0	0.000E+0	1.650E+0	2.975E-2	1.442E-2	-1.533E-2	7.303E+0	5.034E-6	1.988E-6
0.000E+0	0.000E+0	1.660E+0	3.067E-2	1.541E-2	-1.526E-2	7.303E+0	5.378E-6	1.984E-6
0.000E+0	0.000E+0	1.670E+0	3.090E-2	1.533E-2	-1.556E-2	7.302E+0	5.528E-6	1.981E-6
0.000E+0	0.000E+0	1.680E+0	3.090E-2	1.533E-2	-1.556E-2	7.302E+0	5.513E-6	1.984E-6
0.000E+0	0.000E+0	1.690E+0	3.090E-2	1.511E-2	-1.579E-2	7.302E+0	5.377E-6	1.986E-6
0.000E+0	0.000E+0	1.700E+0	3.067E-2	1.511E-2	-1.556E-2	7.303E+0	5.179E-6	1.990E-6
0.000E+0	0.000E+0	1.710E+0	3.113E-2	1.543E-2	-1.570E-2	7.304E+0	4.979E-6	1.993E-6
0.000E+0	0.000E+0	1.720E+0	3.113E-2	1.517E-2	-1.596E-2	7.306E+0	4.960E-6	1.997E-6
0.000E+0	0.000E+0	1.730E+0	3.136E-2	1.556E-2	-1.579E-2	7.306E+0	5.212E-6	1.999E-6
0.000E+0	0.000E+0	1.740E+0	3.227E-2	1.556E-2	-1.671E-2	7.308E+0	5.514E-6	2.019E-6
0.000E+0	0.000E+0	1.750E+0	3.158E-2	1.579E-2	-1.579E-2	7.307E+0	5.832E-6	2.020E-6
0.000E+0	0.000E+0	1.760E+0	3.227E-2	1.579E-2	-1.648E-2	7.306E+0	6.045E-6	2.019E-6
0.000E+0	0.000E+0	1.770E+0	3.189E-2	1.602E-2	-1.587E-2	7.305E+0	6.060E-6	2.018E-6
0.000E+0	0.000E+0	1.780E+0	3.250E-2	1.579E-2	-1.671E-2	7.304E+0	5.916E-6	2.018E-6
0.000E+0	0.000E+0	1.790E+0	3.189E-2	1.602E-2	-1.587E-2	7.304E+0	5.651E-6	1.993E-6
0.000E+0	0.000E+0	1.800E+0	3.189E-2	1.602E-2	-1.587E-2	7.305E+0	5.429E-6	1.996E-6
0.000E+0	0.000E+0	1.810E+0	3.181E-2	1.556E-2	-1.625E-2	7.307E+0	5.221E-6	1.996E-6
0.000E+0	0.000E+0	1.820E+0	3.136E-2	1.556E-2	-1.579E-2	7.309E+0	5.231E-6	2.003E-6
0.000E+0	0.000E+0	1.830E+0	3.181E-2	1.579E-2	-1.602E-2	7.310E+0	5.436E-6	2.029E-6
0.000E+0	0.000E+0	1.840E+0	3.204E-2	1.579E-2	-1.625E-2	7.311E+0	5.620E-6	2.028E-6
0.000E+0	0.000E+0	1.850E+0	3.181E-2	1.556E-2	-1.625E-2	7.310E+0	5.829E-6	2.028E-6
0.000E+0	0.000E+0	1.860E+0	3.204E-2	1.579E-2	-1.625E-2	7.308E+0	5.909E-6	2.026E-6
0.000E+0	0.000E+0	1.870E+0	3.139E-2	1.535E-2	-1.604E-2	7.306E+0	5.767E-6	2.024E-6
0.000E+0	0.000E+0	1.880E+0	3.090E-2	1.511E-2	-1.579E-2	7.305E+0	5.566E-6	2.026E-6
0.000E+0	0.000E+0	1.890E+0	3.143E-2	1.572E-2	-1.572E-2	7.305E+0	5.280E-6	2.024E-6
0.000E+0	0.000E+0	1.900E+0	3.113E-2	1.556E-2	-1.556E-2	7.307E+0	5.012E-6	2.002E-6
0.000E+0	0.000E+0	1.910E+0	3.061E-2	1.491E-2	-1.570E-2	7.308E+0	4.867E-6	2.001E-6
0.000E+0	0.000E+0	1.920E+0	3.113E-2	1.556E-2	-1.556E-2	7.313E+0	4.900E-6	2.029E-6
0.000E+0	0.000E+0	1.930E+0	3.082E-2	1.526E-2	-1.556E-2	7.315E+0	5.016E-6	2.032E-6
0.000E+0	0.000E+0	1.940E+0	3.021E-2	1.465E-2	-1.556E-2	7.314E+0	5.117E-6	2.036E-6
0.000E+0	0.000E+0	1.950E+0	2.998E-2	1.465E-2	-1.533E-2	7.312E+0	5.157E-6	2.033E-6
0.000E+0	0.000E+0	1.960E+0	2.930E-2	1.439E-2	-1.491E-2	7.309E+0	5.062E-6	2.034E-6
0.000E+0	0.000E+0	1.970E+0	2.952E-2	1.465E-2	-1.488E-2	7.306E+0	4.875E-6	2.035E-6
0.000E+0	0.000E+0	1.980E+0	2.915E-2	1.450E-2	-1.465E-2	7.304E+0	4.591E-6	2.034E-6
0.000E+0	0.000E+0	1.990E+0	2.884E-2	1.419E-2	-1.465E-2	7.305E+0	4.244E-6	2.034E-6
0.000E+0	0.000E+0	2.000E+0	2.869E-2	1.434E-2	-1.434E-2	7.308E+0	4.021E-6	2.032E-6
0.000E+0	0.000E+0	2.010E+0	2.808E-2	1.389E-2	-1.419E-2	7.312E+0	3.906E-6	2.037E-6
0.000E+0	0.000E+0	2.020E+0	2.747E-2	1.373E-2	-1.373E-2	7.317E+0	3.887E-6	2.043E-6
0.000E+0	0.000E+0	2.030E+0	2.721E-2	1.334E-2	-1.386E-2	7.318E+0	3.884E-6	2.043E-6
0.000E+0	0.000E+0	2.040E+0	2.716E-2	1.328E-2	-1.389E-2	7.316E+0	3.932E-6	2.043E-6
0.000E+0	0.000E+0	2.050E+0	2.655E-2	1.312E-2	-1.343E-2	7.313E+0	3.874E-6	2.043E-6
0.000E+0	0.000E+0	2.060E+0	2.625E-2	1.282E-2	-1.343E-2	7.309E+0	3.699E-6	2.042E-6
0.000E+0	0.000E+0	2.070E+0	2.518E-2	1.251E-2	-1.267E-2	7.305E+0	3.439E-6	2.042E-6
0.000E+0	0.000E+0	2.080E+0	2.487E-2	1.236E-2	-1.251E-2	7.304E+0	3.158E-6	2.046E-6
0.000E+0	0.000E+0	2.090E+0	2.426E-2	1.190E-2	-1.236E-2	7.306E+0	2.890E-6	2.042E-6
0.000E+0	0.000E+0	2.100E+0	2.411E-2	1.205E-2	-1.205E-2	7.311E+0	2.720E-6	2.043E-6
0.000E+0	0.000E+0	2.110E+0	2.319E-2	1.160E-2	-1.160E-2	7.317E+0	2.635E-6	2.046E-6
0.000E+0	0.000E+0	2.120E+0	2.289E-2	1.129E-2	-1.160E-2	7.321E+0	2.607E-6	2.048E-6
0.000E+0	0.000E+0	2.130E+0	2.243E-2	1.129E-2	-1.114E-2	7.320E+0	2.606E-6	2.050E-6
0.000E+0	0.000E+0	2.140E+0	2.289E-2	1.129E-2	-1.160E-2	7.317E+0	2.581E-6	2.051E-6
0.000E+0	0.000E+0	2.150E+0	2.136E-2	1.068E-2	-1.068E-2	7.312E+0	2.465E-6	2.030E-6
0.000E+0	0.000E+0	2.160E+0	2.106E-2	1.007E-2	-1.099E-2	7.308E+0	2.304E-6	2.035E-6
0.000E+0	0.000E+0	2.170E+0	2.045E-2	9.919E-3	-1.053E-2	7.304E+0	2.117E-6	2.046E-6
0.000E+0	0.000E+0	2.180E+0	1.984E-2	9.919E-3	-9.919E-3	7.306E+0	1.906E-6	2.047E-6
0.000E+0	0.000E+0	2.190E+0	1.892E-2	9.613E-3	-9.308E-3	7.310E+0	1.752E-6	2.039E-6
0.000E+0	0.000E+0	2.200E+0	1.907E-2	9.766E-3	-9.308E-3	7.317E+0	1.677E-6	2.043E-6
0.000E+0	0.000E+0	2.210E+0	1.846E-2	9.461E-3	-9.003E-3	7.321E+0	1.656E-6	2.008E-6
0.000E+0	0.000E+0	2.220E+0	1.785E-2	9.156E-3	-8.698E-3	7.321E+0	1.647E-6	2.040E-6
0.000E+0	0.000E+0	2.230E+0	1.816E-2	8.850E-3	-9.308E-3	7.318E+0	1.647E-6	2.042E-6
0.000E+0	0.000E+0	2.240E+0	1.770E-2	9.003E-3	-8.698E-3	7.312E+0	1.622E-6	2.043E-6
0.000E+0	0.000E+0	2.250E+0	1.831E-2	9.003E-3	-9.308E-3	7.306E+0	1.547E-6	2.040E-6
0.000E+0	0.000E+0	2.260E+0	1.740E-2	8.545E-3	-8.850E-3	7.301E+0	1.448E-6	2.036E-6
0.000E+0	0.000E+0	2.270E+0	1.663E-2	8.698E-3	-7.935E-3	7.301E+0	1.342E-6	1.997E-6
0.000E+0	0.000E+0	2.280E+0	1.648E-2	8.240E-3	-8.240E-3	7.307E+0	1.294E-6	1.990E-6
0.000E+0	0.000E+0	2.290E+0	1.663E-2	8.087E-3	-8.545E-3	7.311E+0	1.274E-6	1.983E-6
0.000E+0	0.000E+0	2.300E+0	1.602E-2	8.087E-3	-7.935E-3	7.314E+0	1.298E-6	2.011E-6
0.000E+0	0.000E+0	2.310E+0	1.617E-2	8.087E-3	-8.087E-3	7.314E+0	1.367E-6	2.023E-6
0.000E+0	0.000E+0	2.320E+0	1.679E-2	8.545E-3	-8.240E-3	7.309E+0	1.414E-6	2.019E-6
0.000E+0	0.000E+0	2.330E+0	1.709E-2	8.393E-3	-8.698E-3	7.304E+0	1.460E-6	2.016E-6
0.000E+0	0.000E+0	2.340E+0	1.724E-2	8.393E-3	-8.850E-3	7.300E+0	1.480E-6	2.014E-6
0.000E+0	0.000E+0	2.350E+0	1.770E-2	8.393E-3	-9.308E-3	7.297E+0	1.500E-6	2.017E-6
0.000E+0	0.000E+0	2.360E+0	1.679E-2	8.393E-3	-8.393E-3	7.297E+0	1.496E-6	2.005E-6
0.000E+0	0.000E+0	2.370E+0	1.679E-2	8.393E-3	-8.393E-3	7.298E+0	1.509E-6	2.007E-6
0.000E+0	0.000E+0	2.380E+0	1.740E-2	8.545E-3	-8.850E-3	7.302E+0	1.592E-6	1.996E-6
0.000E+0	0.000E+0	2.390E+0	1.831E-2	8.850E-3	-9.461E-3	7.305E+0	1.718E-6	1.977E-6
0.000E+0	0.000E+0	2.400E+0	1.877E-2	9.461E-3	-9.308E-3	7.303E+0	1.834E-6	1.976E-6
0.000E+0	0.000E+0	2.410E+0	1.892E-2	9.461E-3	-9.461E-3	7.302E+0	1.962E-6	1.974E-6
0.000E+0	0.000E+0	2.420E+0	1.999E-2	9.919E-3	-1.007E-2	7.299E+0	2.087E-6	1.974E-6
0.000E+0	0.000E+0	2.430E+0	2.045E-2	1.022E-2	-1.022E-2	7.297E+0	2.185E-6	1.973E-6
0.000E+0	0.000E+0	2.440E+0	2.060E-2	1.038E-2	-1.022E-2	7.296E+0	2.293E-6	1.973E-6
0.000E+0	0.000E+0	2.450E+0	2.045E-2	1.007E-2	-1.038E-2	7.294E+0	2.366E-6	1.970E-6
0.000E+0	0.000E+0	2.460E+0	2.136E-2	1.099E-2	-1.038E-2	7.296E+0	2.462E-6	1.971E-6
0.000E+0	0.000E+0	2.470E+0	2.182E-2	1.099E-2	-1.083E-2	7.298E+0	2.591E-6	1.966E-6
0.000E+0	0.000E+0	2.480E+0	2.197E-2	1.114E-2	-1.083E-2	7.298E+0	2.723E-6	1.967E-6
0.000E+0	0.000E+0	2.490E+0	2.319E-2	1.144E-2	-1.175E-2	7.299E+0	2.874E-6	1.968E-6
0.000E+0	0.000E+0	2.500E+0	2.396E-2	1.221E-2	-1.175E-2	7.299E+0	3.062E-6	1.973E-6
0.000E+0	0.000E+0	2.510E+0	2.426E-2	1.205E-2	-1.221E-2	7.298E+0	3.242E-6	1.972E-6
0.000E+0	0.000E+0	2.520E+0	2.503E-2	1.251E-2	-1.251E-2	7.297E+0	3.370E-6	1.975E-6
0.000E+0	0.000E+0	2.530E+0	2.487E-2	1.251E-2	-1.236E-2	7.296E+0	3.501E-6	1.975E-6
0.000E+0	0.000E+0	2.540E+0	2.533E-2	1.267E-2	-1.267E-2	7.296E+0	3.612E-6	1.971E-6
0.000E+0	0.000E+0	2.550E+0	2.609E-2	1.282E-2	-1.328E-2	7.296E+0	3.762E-6	1.967E-6
0.000E+0	0.000E+0	2.560E+0	2.594E-2	1.282E-2	-1.312E-2	7.296E+0	3.879E-6	1.963E-6
0.000E+0	0.000E+0	2.570E+0	2.632E-2	1.305E-2	-1.327E-2	7.297E+0	3.996E-6	1.965E-6
0.000E+0	0.000E+0	2.580E+0	2.655E-2	1.297E-2	-1.358E-2	7.298E+0	4.168E-6	1.967E-6
0.000E+0	0.000E+0	2.590E+0	2.762E-2	1.373E-2	-1.389E-2	7.298E+0	4.322E-6	1.963E-6
0.000E+0	0.000E+0	2.600E+0	2.792E-2	1.373E-2	-1.419E-2	7.297E+0	4.476E-6	1.970E-6
0.000E+0	0.000E+0	2.610E+0	2.777E-2	1.389E-2	-1.389E-2	7.298E+0	4.572E-6	1.966E-6
0.000E+0	0.000E+0	2.620E+0	2.869E-2	1.450E-2	-1.419E-2	7.297E+0	4.695E-6	1.969E-6
0.000E+0	0.000E+0	2.630E+0	2.884E-2	1.450E-2	-1.434E-2	7.297E+0	4.815E-6	1.968E-6
0.000E+0	0.000E+0	2.640E+0	2.930E-2	1.465E-2	-1.465E-2	7.297E+0	4.898E-6	1.961E-6
0.000E+0	0.000E+0	2.650E+0	2.945E-2	1.465E-2	-1.480E-2	7.297E+0	5.020E-6	1.961E-6
0.000E+0	0.000E+0	2.660E+0	2.930E-2	1.439E-2	-1.491E-2	7.297E+0	5.048E-6	1.963E-6
0.000E+0	0.000E+0	2.670E+0	2.956E-2	1.465E-2	-1.491E-2	7.297E+0	5.156E-6	1.963E-6
0.000E+0	0.000E+0	2.680E+0	3.021E-2	1.488E-2	-1.533E-2	7.298E+0	5.279E-6	1.965E-6
0.000E+0	0.000E+0	2.690E+0	3.006E-2	1.511E-2	-1.495E-2	7.298E+0	5.318E-6	1.963E-6
0.000E+0	0.000E+0	2.700E+0	3.021E-2	1.488E-2	-1.533E-2	7.297E+0	5.410E-6	1.962E-6
0.000E+0	0.000E+0	2.710E+0	3.034E-2	1.517E-2	-1.517E-2	7.298E+0	5.425E-6	1.963E-6
0.000E+0	0.000E+0	2.720E+0	3.044E-2	1.511E-2	-1.533E-2	7.298E+0	5.474E-6	1.962E-6
0.000E+0	0.000E+0	2.730E+0	3.021E-2	1.488E-2	-1.533E-2	7.297E+0	5.523E-6	1.961E-6
0.000E+0	0.000E+0	2.740E+0	3.128E-2	1.572E-2	-1.556E-2	7.297E+0	5.541E-6	1.962E-6
0.000E+0	0.000E+0	2.750E+0	3.113E-2	1.602E-2	-1.511E-2	7.297E+0	5.547E-6	1.963E-6
0.000E+0	0.000E+0	2.760E+0	3.044E-2	1.488E-2	-1.556E-2	7.298E+0	5.523E-6	1.963E-6
0.000E+0	0.000E+0	2.770E+0	3.044E-2	1.511E-2	-1.533E-2	7.297E+0	5.524E-6	1.963E-6
0.000E+0	0.000E+0	2.780E+0	3.021E-2	1.488E-2	-1.533E-2	7.298E+0	5.489E-6	1.963E-6
0.000E+0	0.000E+0	2.790E+0	3.021E-2	1.488E-2	-1.533E-2	7.297E+0	5.464E-6	1.962E-6
0.000E+0	0.000E+0	2.800E+0	3.021E-2	1.488E-2	-1.533E-2	7.298E+0	5.429E-6	1.960E-6
0.000E+0	0.000E+0	2.810E+0	3.006E-2	1.526E-2	-1.480E-2	7.298E+0	5.387E-6	1.961E-6
0.000E+0	0.000E+0	2.820E+0	2.975E-2	1.488E-2	-1.488E-2	7.298E+0	5.328E-6	1.963E-6
0.000E+0	0.000E+0	2.830E+0	3.021E-2	1.488E-2	-1.533E-2	7.297E+0	5.253E-6	1.962E-6
0.000E+0	0.000E+0	2.840E+0	2.998E-2	1.465E-2	-1.533E-2	7.297E+0	5.164E-6	1.962E-6
0.000E+0	0.000E+0	2.850E+0	2.915E-2	1.465E-2	-1.450E-2	7.298E+0	5.053E-6	1.964E-6
0.000E+0	0.000E+0	2.860E+0	2.884E-2	1.419E-2	-1.465E-2	7.298E+0	4.935E-6	1.961E-6
0.000E+0	0.000E+0	2.870E+0	2.899E-2	1.465E-2	-1.434E-2	7.298E+0	4.832E-6	1.964E-6
0.000E+0	0.000E+0	2.880E+0	2.823E-2	1.434E-2	-1.389E-2	7.298E+0	4.712E-6	1.963E-6
0.000E+0	0.000E+0	2.890E+0	2.853E-2	1.450E-2	-1.404E-2	7.297E+0	4.582E-6	1.963E-6
0.000E+0	0.000E+0	2.900E+0	2.731E-2	1.358E-2	-1.373E-2	7.298E+0	4.437E-6	1.965E-6
0.000E+0	0.000E+0	2.910E+0	2.716E-2	1.358E-2	-1.358E-2	7.297E+0	4.266E-6	1.965E-6
0.000E+0	0.000E+0	2.920E+0	2.686E-2	1.343E-2	-1.343E-2	7.298E+0	4.114E-6	1.964E-6
0.000E+0	0.000E+0	2.930E+0	2.655E-2	1.358E-2	-1.297E-2	7.298E+0	3.957E-6	1.965E-6
0.000E+0	0.000E+0	2.940E+0	2.564E-2	1.282E-2	-1.282E-2	7.298E+0	3.772E-6	1.965E-6
0.000E+0	0.000E+0	2.950E+0	2.533E-2	1.251E-2	-1.282E-2	7.298E+0	3.600E-6	1.966E-6
0.000E+0	0.000E+0	2.960E+0	2.441E-2	1.221E-2	-1.221E-2	7.297E+0	3.426E-6	1.967E-6
0.000E+0	0.000E+0	2.970E+0	2.411E-2	1.205E-2	-1.205E-2	7.298E+0	3.257E-6	1.964E-6
0.000E+0	0.000E+0	2.980E+0	2.335E-2	1.160E-2	-1.175E-2	7.297E+0	3.083E-6	1.967E-6
0.000E+0	0.000E+0	2.990E+0	2.274E-2	1.114E-2	-1.160E-2	7.297E+0	2.889E-6	1.967E-6
0.000E+0	0.000E+0	3.000E+0	2.213E-2	1.114E-2	-1.099E-2	7.298E+0	2.695E-6	1.965E-6
0.000E+0	0.000E+0	3.010E+0	2.136E-2	1.053E-2	-1.083E-2	7.297E+0	2.507E-6	1.965E-6
0.000E+0	0.000E+0	3.020E+0	2.045E-2	1.007E-2	-1.038E-2	7.298E+0	2.325E-6	1.969E-6
0.000E+0	0.000E+0	3.030E+0	1.984E-2	9.766E-3	-1.007E-2	7.297E+0	2.124E-6	1.966E-6
0.000E+0	0.000E+0	3.040E+0	1.923E-2	9.308E-3	-9.919E-3	7.297E+0	1.948E-6	1.968E-6
0.000E+0	0.000E+0	3.050E+0	1.831E-2	9.156E-3	-9.156E-3	7.297E+0	1.776E-6	1.964E-6
0.000E+0	0.000E+0	3.060E+0	1.785E-2	8.850E-3	-9.003E-3	7.298E+0	1.596E-6	1.962E-6
0.000E+0	0.000E+0	3.070E+0	1.617E-2	7.935E-3	-8.240E-3	7.297E+0	1.411E-6	1.963E-6
0.000E+0	0.000E+0	3.080E+0	1.556E-2	7.630E-3	-7.935E-3	7.297E+0	1.244E-6	1.965E-6
0.000E+0	0.000E+0	3.090E+0	1.434E-2	7.172E-3	-7.172E-3	7.297E+0	1.094E-6	1.963E-6
0.000E+0	0.000E+0	3.100E+0	1.389E-2	6.867E-3	-7.019E-3	7.297E+0	9.473E-7	1.962E-6
0.000E+0	0.000E+0	3.110E+0	1.267E-2	6.104E-3	-6.562E-3	7.297E+0	8.088E-7	1.963E-6
0.000E+0	0.000E+0	3.120E+0	1.190E-2	6.104E-3	-5.799E-3	7.296E+0	6.834E-7	1.952E-6
0.000E+0	0.000E+0	3.130E+0	1.081E-2	5.231E-3	-5.580E-3	7.297E+0	5.717E-7	1.958E-6
0.000E+0	0.000E+0	3.140E+0	1.046E-2	5.057E-3	-5.406E-3	7.295E+0	4.688E-7	1.960E-6
0.000E+0	0.000E+0	3.150E+0	9.068E-3	4.359E-3	-4.708E-3	7.298E+0	3.735E-7	1.954E-6
0.000E+0	0.000E+0	3.160E+0	8.719E-3	4.011E-3	-4.708E-3	7.299E+0	3.103E-7	1.948E-6
0.000E+0	0.000E+0	3.170E+0	7.935E-3	3.815E-3	-4.120E-3	7.302E+0	2.468E-7	1.956E-6
0.000E+0	0.000E+0	3.180E+0	7.325E-3	3.510E-3	-3.815E-3	7.305E+0	2.054E-7	1.961E-6
0.000E+0	0.000E+0	3.190E+0	7.325E-3	3.510E-3	-3.815E-3	7.305E+0	1.816E-7	1.979E-6
0.000E+0	0.000E+0	3.200E+0	6.801E-3	3.139E-3	-3.662E-3	7.313E+0	1.744E-7	1.986E-6
0.000E+0	0.000E+0	3.210E+0	6.867E-3	3.357E-3	-3.510E-3	7.313E+0	1.871E-7	2.026E-6
0.000E+0	0.000E+0	3.220E+0	7.476E-3	3.356E-3	-4.119E-3	7.317E+0	2.243E-7	2.030E-6
0.000E+0	0.000E+0	3.230E+0	8.543E-3	3.890E-3	-4.653E-3	7.317E+0	2.842E-7	2.036E-6
0.000E+0	0.000E+0	3.240E+0	9.156E-3	4.425E-3	-4.730E-3	7.314E+0	3.445E-7	2.044E-6
0.000E+0	0.000E+0	3.250E+0	1.022E-2	5.188E-3	-5.036E-3	7.314E+0	4.439E-7	2.039E-6
0.000E+0	0.000E+0	3.260E+0	1.129E-2	5.646E-3	-5.646E-3	7.313E+0	5.534E-7	2.040E-6
0.000E+0	0.000E+0	3.270E+0	1.221E-2	6.256E-3	-5.951E-3	7.312E+0	7.005E-7	2.038E-6
0.000E+0	0.000E+0	3.280E+0	1.358E-2	6.714E-3	-6.867E-3	7.309E+0	8.682E-7	2.037E-6
0.000E+0	0.000E+0	3.290E+0	1.434E-2	7.019E-3	-7.325E-3	7.308E+0	1.058E-6	2.031E-6
0.000E+0	0.000E+0	3.300E+0	1.541E-2	7.630E-3	-7.782E-3	7.308E+0	1.270E-6	2.023E-6
0.000E+0	0.000E+0	3.310E+0	1.694E-2	8.087E-3	-8.850E-3	7.308E+0	1.532E-6	2.001E-6
0.000E+0	0.000E+0	3.320E+0	1.801E-2	9.003E-3	-9.003E-3	7.307E+0	1.785E-6	1.995E-6
0.000E+0	0.000E+0	3.330E+0	1.968E-2	9.766E-3	-9.919E-3	7.306E+0	2.083E-6	1.996E-6
0.000E+0	0.000E+0	3.340E+0	2.075E-2	1.038E-2	-1.038E-2	7.305E+0	2.389E-6	1.993E-6
0.000E+0	0.000E+0	3.350E+0	2.182E-2	1.068E-2	-1.114E-2	7.305E+0	2.757E-6	1.996E-6
0.000E+0	0.000E+0	3.360E+0	2.335E-2	1.160E-2	-1.175E-2	7.305E+0	3.113E-6	1.993E-6
0.000E+0	0.000E+0	3.370E+0	2.457E-2	1.251E-2	-1.205E-2	7.305E+0	3.500E-6	1.998E-6
0.000E+0	0.000E+0	3.380E+0	2.563E-2	1.259E-2	-1.305E-2	7.304E+0	3.892E-6	2.000E-6
0.000E+0	0.000E+0	3.390E+0	2.716E-2	1.358E-2	-1.358E-2	7.304E+0	4.406E-6	1.993E-6
0.000E+0	0.000E+0	3.400E+0	2.861E-2	1.396E-2	-1.465E-2	7.304E+0	4.872E-6	2.001E-6
0.000E+0	0.000E+0	3.410E+0	3.008E-2	1.465E-2	-1.543E-2	7.304E+0	5.349E-6	2.021E-6
0.000E+0	0.000E+0	3.420E+0	3.139E-2	1.517E-2	-1.622E-2	7.304E+0	5.880E-6	2.020E-6
0.000E+0	0.000E+0	3.430E+0	3.296E-2	1.625E-2	-1.671E-2	7.303E+0	6.484E-6	2.018E-6
0.000E+0	0.000E+0	3.440E+0	3.410E-2	1.671E-2	-1.739E-2	7.303E+0	7.055E-6	2.022E-6
0.000E+0	0.000E+0	3.450E+0	3.548E-2	1.739E-2	-1.808E-2	7.304E+0	7.655E-6	2.017E-6
0.000E+0	0.000E+0	3.460E+0	3.662E-2	1.785E-2	-1.877E-2	7.303E+0	8.272E-6	2.021E-6
0.000E+0	0.000E+0	3.470E+0	3.822E-2	1.877E-2	-1.945E-2	7.303E+0	8.978E-6	2.017E-6
0.000E+0	0.000E+0	3.480E+0	3.937E-2	1.945E-2	-1.991E-2	7.303E+0	9.631E-6	2.019E-6
0.000E+0	0.000E+0	3.490E+0	4.097E-2	2.014E-2	-2.083E-2	7.303E+0	1.034E-5	2.022E-6
0.000E+0	0.000E+0	3.500E+0	4.257E-2	2.083E-2	-2.174E-2	7.303E+0	1.107E-5	2.017E-6
0.000E+0	0.000E+0	3.510E+0	4.360E-2	2.162E-2	-2.197E-2	7.303E+0	1.191E-5	2.017E-6
0.000E+0	0.000E+0	3.520E+0	4.569E-2	2.232E-2	-2.337E-2	7.303E+0	1.264E-5	2.017E-6
0.000E+0	0.000E+0	3.530E+0	4.639E-2	2.302E-2	-2.337E-2	7.303E+0	1.342E-5	2.018E-6
0.000E+0	0.000E+0	3.540E+0	4.813E-2	2.372E-2	-2.441E-2	7.302E+0	1.423E-5	2.018E-6
0.000E+0	0.000E+0	3.550E+0	4.944E-2	2.441E-2	-2.503E-2	7.303E+0	1.500E-5	2.016E-6
0.000E+0	0.000E+0	3.560E+0	5.022E-2	2.476E-2	-2.546E-2	7.303E+0	1.594E-5	2.017E-6
0.000E+0	0.000E+0	3.570E+0	5.158E-2	2.564E-2	-2.594E-2	7.303E+0	1.668E-5	2.016E-6
0.000E+0	0.000E+0	3.580E+0	5.371E-2	2.686E-2	-2.686E-2	7.302E+0	1.773E-5	2.015E-6
0.000E+0	0.000E+0	3.590E+0	5.371E-2	2.686E-2	-2.686E-2	7.302E+0	1.854E-5	2.015E-6
0.000E+0	0.000E+0	3.600E+0	5.554E-2	2.808E-2	-2.747E-2	7.302E+0	1.944E-5	2.013E-6
0.000E+0	0.000E+0	3.610E+0	5.760E-2	2.861E-2	-2.899E-2	7.302E+0	2.045E-5	2.013E-6
0.000E+0	0.000E+0	3.620E+0	5.768E-2	2.899E-2	-2.869E-2	7.302E+0	2.129E-5	2.013E-6
0.000E+0	0.000E+0	3.630E+0	5.921E-2	2.960E-2	-2.960E-2	7.302E+0	2.233E-5	2.013E-6
0.000E+0	0.000E+0	3.640E+0	6.073E-2	3.052E-2	-3.021E-2	7.303E+0	2.334E-5	2.013E-6
0.000E+0	0.000E+0	3.650E+0	6.142E-2	3.090E-2	-3.052E-2	7.303E+0	2.434E-5	2.012E-6
0.000E+0	0.000E+0	3.660E+0	6.332E-2	3.166E-2	-3.166E-2	7.302E+0	2.538E-5	2.011E-6
0.000E+0	0.000E+0	3.670E+0	6.485E-2	3.242E-2	-3.242E-2	7.302E+0	2.648E-5	2.012E-6
0.000E+0	0.000E+0	3.680E+0	6.561E-2	3.281E-2	-3.281E-2	7.302E+0	2.745E-5	2.011E-6
0.000E+0	0.000E+0	3.690E+0	6.684E-2	3.342E-2	-3.342E-2	7.302E+0	2.834E-5	2.010E-6
0.000E+0	0.000E+0	3.700E+0	6.790E-2	3.433E-2	-3.357E-2	7.302E+0	2.954E-5	2.010E-6
0.000E+0	0.000E+0	3.710E+0	6.943E-2	3.471E-2	-3.471E-2	7.302E+0	3.065E-5	2.010E-6
0.000E+0	0.000E+0	3.720E+0	7.095E-2	3.586E-2	-3.510E-2	7.302E+0	3.172E-5	2.011E-6
0.000E+0	0.000E+0	3.730E+0	7.248E-2	3.662E-2	-3.586E-2	7.302E+0	3.281E-5	2.010E-6
0.000E+0	0.000E+0	3.740E+0	7.248E-2	3.662E-2	-3.586E-2	7.302E+0	3.380E-5	2.010E-6
0.000E+0	0.000E+0	3.750E+0	7.439E-2	3.777E-2	-3.662E-2	7.302E+0	3.497E-5	2.010E-6
0.000E+0	0.000E+0	3.760E+0	7.481E-2	3.714E-2	-3.767E-2	7.302E+0	3.569E-5	2.009E-6
0.000E+0	0.000E+0	3.770E+0	7.586E-2	3.819E-2	-3.767E-2	7.302E+0	3.676E-5	2.009E-6
0.000E+0	0.000E+0	3.780E+0	7.690E-2	3.871E-2	-3.819E-2	7.302E+0	3.781E-5	2.011E-6
0.000E+0	0.000E+0	3.790E+0	7.900E-2	3.924E-2	-3.976E-2	7.302E+0	3.902E-5	2.010E-6
0.000E+0	0.000E+0	3.800E+0	7.874E-2	3.983E-2	-3.891E-2	7.302E+0	4.000E-5	2.010E-6
0.000E+0	0.000E+0	3.810E+0	8.057E-2	4.028E-2	-4.028E-2	7.302E+0	4.102E-5	2.009E-6
0.000E+0	0.000E+0	3.820E+0	8.149E-2	4.120E-2	-4.028E-2	7.302E+0	4.207E-5	2.009E-6
0.000E+0	0.000E+0	3.830E+0	8.161E-2	4.133E-2	-4.028E-2	7.302E+0	4.328E-5	2.011E-6
0.000E+0	0.000E+0	3.840E+0	8.332E-2	4.212E-2	-4.120E-2	7.302E+0	4.425E-5	2.009E-6
0.000E+0	0.000E+0	3.850E+0	8.377E-2	4.212E-2	-4.166E-2	7.302E+0	4.523E-5	2.010E-6
0.000E+0	0.000E+0	3.860E+0	8.469E-2	4.303E-2	-4.166E-2	7.302E+0	4.628E-5	2.010E-6
0.000E+0	0.000E+0	3.870E+0	8.606E-2	4.349E-2	-4.257E-2	7.302E+0	4.717E-5	2.011E-6
0.000E+0	0.000E+0	3.880E+0	8.652E-2	4.395E-2	-4.257E-2	7.302E+0	4.809E-5	2.010E-6
0.000E+0	0.000E+0	3.890E+0	8.698E-2	4.395E-2	-4.303E-2	7.302E+0	4.899E-5	2.011E-6
0.000E+0	0.000E+0	3.900E+0	8.789E-2	4.486E-2	-4.303E-2	7.302E+0	4.986E-5	2.011E-6
0.000E+0	0.000E+0	3.910E+0	8.927E-2	4.532E-2	-4.395E-2	7.302E+0	5.082E-5	2.011E-6
0.000E+0	0.000E+0	3.920E+0	8.973E-2	4.578E-2	-4.395E-2	7.302E+0	5.174E-5	2.011E-6
0.000E+0	0.000E+0	3.930E+0	9.018E-2	4.578E-2	-4.440E-2	7.302E+0	5.268E-5	2.011E-6
0.000E+0	0.000E+0	3.940E+0	9.110E-2	4.624E-2	-4.486E-2	7.302E+0	5.364E-5	2.011E-6
0.000E+0	0.000E+0	3.950E+0	9.201E-2	4.669E-2	-4.532E-2	7.302E+0	5.462E-5	2.009E-6
0.000E+0	0.000E+0	3.960E+0	9.247E-2	4.715E-2	-4.532E-2	7.302E+0	5.539E-5	2.010E-6
0.000E+0	0.000E+0	3.970E+0	9.339E-2	4.761E-2	-4.578E-2	7.302E+0	5.619E-5	2.011E-6
0.000E+0	0.000E+0	3.980E+0	9.339E-2	4.761E-2	-4.578E-2	7.302E+0	5.672E-5	2.009E-6
0.000E+0	0.000E+0	3.990E+0	9.399E-2	4.753E-2	-4.646E-2	7.301E+0	5.753E-5	2.010E-6
0.000E+0	0.000E+0	4.000E+0	9.521E-2	4.822E-2	-4.700E-2	7.302E+0	5.857E-5	1.991E-6
0.000E+0	0.000E+0	4.010E+0	9.568E-2	4.898E-2	-4.669E-2	7.302E+0	5.912E-5	2.007E-6
0.000E+0	0.000E+0	4.020E+0	9.560E-2	4.860E-2	-4.700E-2	7.302E+0	5.966E-5	1.992E-6
0.000E+0	0.000E+0	4.030E+0	9.613E-2	4.898E-2	-4.715E-2	7.302E+0	6.044E-5	1.985E-6
0.000E+0	0.000E+0	4.040E+0	9.705E-2	4.944E-2	-4.761E-2	7.302E+0	6.110E-5	1.989E-6
0.000E+0	0.000E+0	4.050E+0	9.773E-2	4.967E-2	-4.807E-2	7.302E+0	6.160E-5	1.986E-6
0.000E+0	0.000E+0	4.060E+0	9.880E-2	5.020E-2	-4.860E-2	7.302E+0	6.223E-5	1.985E-6
0.000E+0	0.000E+0	4.070E+0	9.827E-2	5.020E-2	-4.807E-2	7.302E+0	6.278E-5	1.987E-6
0.000E+0	0.000E+0	4.080E+0	9.934E-2	5.074E-2	-4.860E-2	7.302E+0	6.328E-5	1.984E-6
0.000E+0	0.000E+0	4.090E+0	9.934E-2	5.074E-2	-4.860E-2	7.302E+0	6.388E-5	1.984E-6
0.000E+0	0.000E+0	4.100E+0	9.934E-2	5.074E-2	-4.860E-2	7.302E+0	6.431E-5	1.984E-6
0.000E+0	0.000E+0	4.110E+0	9.987E-2	5.074E-2	-4.913E-2	7.302E+0	6.484E-5	1.983E-6
0.000E+0	0.000E+0	4.120E+0	9.934E-2	5.074E-2	-4.860E-2	7.302E+0	6.517E-5	1.984E-6
0.000E+0	0.000E+0	4.130E+0	1.004E-1	5.127E-2	-4.913E-2	7.301E+0	6.560E-5	1.984E-6
0.000E+0	0.000E+0	4.140E+0	1.009E-1	5.127E-2	-4.967E-2	7.302E+0	6.595E-5	1.984E-6
0.000E+0	0.000E+0	4.150E+0	1.009E-1	5.180E-2	-4.913E-2	7.302E+0	6.615E-5	1.984E-6
0.000E+0	0.000E+0	4.160E+0	1.020E-1	5.234E-2	-4.967E-2	7.302E+0	6.668E-5	1.983E-6
0.000E+0	0.000E+0	4.170E+0	1.020E-1	5.234E-2	-4.967E-2	7.301E+0	6.698E-5	1.983E-6
0.000E+0	0.000E+0	4.180E+0	1.020E-1	5.234E-2	-4.967E-2	7.302E+0	6.714E-5	1.983E-6
0.000E+0	0.000E+0	4.190E+0	1.015E-1	5.180E-2	-4.967E-2	7.301E+0	6.744E-5	1.983E-6
0.000E+0	0.000E+0	4.200E+0	1.015E-1	5.180E-2	-4.967E-2	7.302E+0	6.775E-5	1.983E-6
0.000E+0	0.000E+0	4.210E+0	1.020E-1	5.234E-2	-4.967E-2	7.301E+0	6.768E-5	1.983E-6
0.000E+0	0.000E+0	4.220E+0	1.025E-1	5.287E-2	-4.967E-2	7.301E+0	6.779E-5	1.983E-6
0.000E+0	0.000E+0	4.230E+0	1.020E-1	5.234E-2	-4.967E-2	7.302E+0	6.774E-5	1.983E-6
0.000E+0	0.000E+0	4.240E+0	1.025E-1	5.234E-2	-5.020E-2	7.301E+0	6.789E-5	1.984E-6
0.000E+0	0.000E+0	4.250E+0	1.020E-1	5.234E-2	-4.967E-2	7.301E+0	6.800E-5	1.984E-6
0.000E+0	0.000E+0	4.260E+0	1.025E-1	5.234E-2	-5.020E-2	7.301E+0	6.798E-5	1.985E-6
0.000E+0	0.000E+0	4.270E+0	1.020E-1	5.234E-2	-4.967E-2	7.302E+0	6.789E-5	1.984E-6
0.000E+0	0.000E+0	4.280E+0	1.020E-1	5.234E-2	-4.967E-2	7.302E+0	6.776E-5	1.984E-6
0.000E+0	0.000E+0	4.290E+0	1.025E-1	5.234E-2	-5.020E-2	7.301E+0	6.774E-5	1.985E-6
0.000E+0	0.000E+0	4.300E+0	1.020E-1	5.234E-2	-4.967E-2	7.301E+0	6.759E-5	1.984E-6
0.000E+0	0.000E+0	4.310E+0	1.015E-1	5.180E-2	-4.967E-2	7.302E+0	6.744E-5	1.985E-6
0.000E+0	0.000E+0	4.320E+0	1.015E-1	5.180E-2	-4.967E-2	7.302E+0	6.721E-5	1.984E-6
0.000E+0	0.000E+0	4.330E+0	1.020E-1	5.234E-2	-4.967E-2	7.301E+0	6.689E-5	1.985E-6
0.000E+0	0.000E+0	4.340E+0	1.009E-1	5.180E-2	-4.913E-2	7.301E+0	6.659E-5	1.986E-6
0.000E+0	0.000E+0	4.350E+0	1.009E-1	5.180E-2	-4.913E-2	7.301E+0	6.624E-5	1.985E-6
0.000E+0	0.000E+0	4.360E+0	1.004E-1	5.127E-2	-4.913E-2	7.301E+0	6.602E-5	1.986E-6
0.000E+0	0.000E+0	4.370E+0	1.004E-1	5.127E-2	-4.913E-2	7.301E+0	6.564E-5	1.987E-6
0.000E+0	0.000E+0	4.380E+0	9.987E-2	5.127E-2	-4.860E-2	7.302E+0	6.533E-5	1.985E-6
0.000E+0	0.000E+0	4.390E+0	9.987E-2	5.127E-2	-4.860E-2	7.302E+0	6.487E-5	1.987E-6
0.000E+0	0.000E+0	4.400E+0	9.934E-2	5.074E-2	-4.860E-2	7.301E+0	6.461E-5	1.987E-6
0.000E+0	0.000E+0	4.410E+0	9.934E-2	5.074E-2	-4.860E-2	7.301E+0	6.420E-5	1.987E-6
0.000E+0	0.000E+0	4.420E+0	9.934E-2	5.074E-2	-4.860E-2	7.301E+0	6.377E-5	1.988E-6
0.000E+0	0.000E+0	4.430E+0	9.880E-2	5.074E-2	-4.807E-2	7.301E+0	6.332E-5	1.990E-6
0.000E+0	0.000E+0	4.440E+0	9.827E-2	5.020E-2	-4.807E-2	7.301E+0	6.286E-5	1.988E-6
0.000E+0	0.000E+0	4.450E+0	9.842E-2	5.036E-2	-4.807E-2	7.301E+0	6.250E-5	1.990E-6
0.000E+0	0.000E+0	4.460E+0	9.797E-2	5.036E-2	-4.761E-2	7.301E+0	6.212E-5	1.995E-6
0.000E+0	0.000E+0	4.470E+0	9.705E-2	4.990E-2	-4.715E-2	7.301E+0	6.147E-5	1.989E-6
0.000E+0	0.000E+0	4.480E+0	9.667E-2	4.967E-2	-4.700E-2	7.301E+0	6.084E-5	1.993E-6
0.000E+0	0.000E+0	4.490E+0	9.613E-2	4.913E-2	-4.700E-2	7.301E+0	6.036E-5	1.989E-6
0.000E+0	0.000E+0	4.500E+0	9.560E-2	4.913E-2	-4.646E-2	7.301E+0	5.976E-5	1.992E-6
0.000E+0	0.000E+0	4.510E+0	9.506E-2	4.860E-2	-4.646E-2	7.301E+0	5.908E-5	2.009E-6
0.000E+0	0.000E+0	4.520E+0	9.522E-2	4.898E-2	-4.624E-2	7.301E+0	5.870E-5	1.993E-6
0.000E+0	0.000E+0	4.530E+0	9.430E-2	4.852E-2	-4.578E-2	7.301E+0	5.804E-5	2.012E-6
0.000E+0	0.000E+0	4.540E+0	9.430E-2	4.852E-2	-4.578E-2	7.301E+0	5.731E-5	2.017E-6
0.000E+0	0.000E+0	4.550E+0	9.385E-2	4.807E-2	-4.578E-2	7.301E+0	5.673E-5	1.999E-6
0.000E+0	0.000E+0	4.560E+0	9.293E-2	4.761E-2	-4.532E-2	7.301E+0	5.610E-5	2.016E-6
0.000E+0	0.000E+0	4.570E+0	9.247E-2	4.761E-2	-4.486E-2	7.301E+0	5.536E-5	2.019E-6
0.000E+0	0.000E+0	4.580E+0	9.201E-2	4.715E-2	-4.486E-2	7.301E+0	5.473E-5	2.015E-6
0.000E+0	0.000E+0	4.590E+0	9.156E-2	4.715E-2	-4.440E-2	7.301E+0	5.388E-5	2.017E-6
0.000E+0	0.000E+0	4.600E+0	9.064E-2	4.669E-2	-4.395E-2	7.301E+0	5.307E-5	2.018E-6
0.000E+0	0.000E+0	4.610E+0	9.018E-2	4.624E-2	-4.395E-2	7.301E+0	5.231E-5	2.018E-6
0.000E+0	0.000E+0	4.620E+0	8.973E-2	4.578E-2	-4.395E-2	7.301E+0	5.149E-5	2.019E-6
0.000E+0	0.000E+0	4.630E+0	8.835E-2	4.532E-2	-4.303E-2	7.302E+0	5.070E-5	2.017E-6
0.000E+0	0.000E+0	4.640E+0	8.789E-2	4.486E-2	-4.303E-2	7.301E+0	4.995E-5	2.018E-6
0.000E+0	0.000E+0	4.650E+0	8.744E-2	4.486E-2	-4.257E-2	7.301E+0	4.912E-5	2.018E-6
0.000E+0	0.000E+0	4.660E+0	8.652E-2	4.395E-2	-4.257E-2	7.301E+0	4.835E-5	2.017E-6
0.000E+0	0.000E+0	4.670E+0	8.561E-2	4.395E-2	-4.166E-2	7.301E+0	4.745E-5	2.018E-6
0.000E+0	0.000E+0	4.680E+0	8.515E-2	4.349E-2	-4.166E-2	7.302E+0	4.659E-5	2.017E-6
0.000E+0	0.000E+0	4.690E+0	8.469E-2	4.303E-2	-4.166E-2	7.301E+0	4.581E-5	2.017E-6
0.000E+0	0.000E+0	4.700E+0	8.469E-2	4.303E-2	-4.166E-2	7.301E+0	4.493E-5	2.018E-6
0.000E+0	0.000E+0	4.710E+0	8.286E-2	4.212E-2	-4.074E-2	7.301E+0	4.411E-5	2.017E-6
0.000E+0	0.000E+0	4.720E+0	8.194E-2	4.212E-2	-3.983E-2	7.301E+0	4.331E-5	2.018E-6
0.000E+0	0.000E+0	4.730E+0	8.149E-2	4.120E-2	-4.028E-2	7.301E+0	4.248E-5	2.017E-6
0.000E+0	0.000E+0	4.740E+0	8.011E-2	4.074E-2	-3.937E-2	7.301E+0	4.160E-5	2.017E-6
0.000E+0	0.000E+0	4.750E+0	7.952E-2	4.028E-2	-3.924E-2	7.301E+0	4.082E-5	2.018E-6
0.000E+0	0.000E+0	4.760E+0	7.847E-2	3.976E-2	-3.871E-2	7.301E+0	3.999E-5	2.016E-6
0.000E+0	0.000E+0	4.770E+0	7.828E-2	3.983E-2	-3.845E-2	7.301E+0	3.917E-5	2.016E-6
0.000E+0	0.000E+0	4.780E+0	7.743E-2	3.924E-2	-3.819E-2	7.301E+0	3.830E-5	2.016E-6
0.000E+0	0.000E+0	4.790E+0	7.638E-2	3.871E-2	-3.767E-2	7.301E+0	3.737E-5	2.016E-6
0.000E+0	0.000E+0	4.800E+0	7.629E-2	3.929E-2	-3.700E-2	7.302E+0	3.689E-5	2.015E-6
0.000E+0	0.000E+0	4.810E+0	7.515E-2	3.853E-2	-3.662E-2	7.301E+0	3.608E-5	2.016E-6
0.000E+0	0.000E+0	4.820E+0	7.477E-2	3.815E-2	-3.662E-2	7.301E+0	3.517E-5	2.014E-6
0.000E+0	0.000E+0	4.830E+0	7.286E-2	3.700E-2	-3.586E-2	7.301E+0	3.440E-5	2.016E-6
0.000E+0	0.000E+0	4.840E+0	7.324E-2	3.738E-2	-3.586E-2	7.301E+0	3.366E-5	2.015E-6
0.000E+0	0.000E+0	4.850E+0	7.172E-2	3.662E-2	-3.510E-2	7.302E+0	3.285E-5	2.016E-6
0.000E+0	0.000E+0	4.860E+0	7.095E-2	3.624E-2	-3.471E-2	7.301E+0	3.209E-5	2.015E-6
0.000E+0	0.000E+0	4.870E+0	7.019E-2	3.586E-2	-3.433E-2	7.302E+0	3.121E-5	2.015E-6
0.000E+0	0.000E+0	4.880E+0	6.866E-2	3.510E-2	-3.357E-2	7.302E+0	3.045E-5	2.015E-6
0.000E+0	0.000E+0	4.890E+0	6.828E-2	3.471E-2	-3.357E-2	7.302E+0	2.971E-5	2.015E-6
0.000E+0	0.000E+0	4.900E+0	6.752E-2	3.433E-2	-3.319E-2	7.301E+0	2.899E-5	2.014E-6
0.000E+0	0.000E+0	4.910E+0	6.676E-2	3.395E-2	-3.281E-2	7.301E+0	2.817E-5	2.015E-6
0.000E+0	0.000E+0	4.920E+0	6.561E-2	3.319E-2	-3.242E-2	7.301E+0	2.739E-5	2.013E-6
0.000E+0	0.000E+0	4.930E+0	6.485E-2	3.281E-2	-3.204E-2	7.302E+0	2.666E-5	2.014E-6
0.000E+0	0.000E+0	4.940E+0	6.371E-2	3.204E-2	-3.166E-2	7.301E+0	2.592E-5	2.013E-6
0.000E+0	0.000E+0	4.950E+0	6.294E-2	3.204E-2	-3.090E-2	7.301E+0	2.515E-5	2.014E-6
0.000E+0	0.000E+0	4.960E+0	6.218E-2	3.128E-2	-3.090E-2	7.302E+0	2.442E-5	2.013E-6
0.000E+0	0.000E+0	4.970E+0	6.142E-2	3.128E-2	-3.014E-2	7.301E+0	2.371E-5	2.014E-6
0.000E+0	0.000E+0	4.980E+0	6.043E-2	3.052E-2	-2.991E-2	7.301E+0	2.288E-5	2.013E-6
0.000E+0	0.000E+0	4.990E+0	5.951E-2	3.021E-2	-2.930E-2	7.302E+0	2.215E-5	2.013E-6
0.000E+0	0.000E+0	5.000E+0	5.799E-2	2.960E-2	-2.838E-2	7.302E+0	2.146E-5	2.013E-6
0.000E+0	0.000E+0	5.010E+0	5.722E-2	2.899E-2	-2.823E-2	7.302E+0	2.087E-5	2.012E-6
0.000E+0	0.000E+0	5.020E+0	5.676E-2	2.869E-2	-2.808E-2	7.301E+0	2.009E-5	2.013E-6
0.000E+0	0.000E+0	5.030E+0	5.524E-2	2.808E-2	-2.716E-2	7.302E+0	1.936E-5	2.011E-6
0.000E+0	0.000E+0	5.040E+0	5.450E-2	2.747E-2	-2.703E-2	7.302E+0	1.879E-5	2.014E-6
0.000E+0	0.000E+0	5.050E+0	5.371E-2	2.716E-2	-2.655E-2	7.302E+0	1.815E-5	2.012E-6
0.000E+0	0.000E+0	5.060E+0	5.280E-2	2.686E-2	-2.594E-2	7.302E+0	1.751E-5	2.012E-6
0.000E+0	0.000E+0	5.070E+0	5.197E-2	2.616E-2	-2.581E-2	7.302E+0	1.703E-5	2.013E-6
0.000E+0	0.000E+0	5.080E+0	5.127E-2	2.581E-2	-2.546E-2	7.302E+0	1.645E-5	2.011E-6
0.000E+0	0.000E+0	5.090E+0	5.057E-2	2.581E-2	-2.476E-2	7.302E+0	1.586E-5	2.012E-6
0.000E+0	0.000E+0	5.100E+0	4.918E-2	2.511E-2	-2.407E-2	7.302E+0	1.530E-5	2.011E-6
0.000E+0	0.000E+0	5.110E+0	4.813E-2	2.407E-2	-2.407E-2	7.302E+0	1.470E-5	2.012E-6
0.000E+0	0.000E+0	5.120E+0	4.730E-2	2.380E-2	-2.350E-2	7.302E+0	1.400E-5	2.012E-6
0.000E+0	0.000E+0	5.130E+0	4.639E-2	2.350E-2	-2.289E-2	7.302E+0	1.346E-5	2.013E-6
0.000E+0	0.000E+0	5.140E+0	4.604E-2	2.302E-2	-2.302E-2	7.302E+0	1.310E-5	2.014E-6
0.000E+0	0.000E+0	5.150E+0	4.509E-2	2.266E-2	-2.243E-2	7.302E+0	1.240E-5	2.011E-6
0.000E+0	0.000E+0	5.160E+0	4.394E-2	2.197E-2	-2.197E-2	7.302E+0	1.194E-5	2.012E-6
0.000E+0	0.000E+0	5.170E+0	4.280E-2	2.151E-2	-2.129E-2	7.302E+0	1.146E-5	2.010E-6
0.000E+0	0.000E+0	5.180E+0	4.234E-2	2.129E-2	-2.106E-2	7.302E+0	1.098E-5	2.011E-6
0.000E+0	0.000E+0	5.190E+0	4.120E-2	2.060E-2	-2.060E-2	7.302E+0	1.049E-5	2.012E-6
0.000E+0	0.000E+0	5.200E+0	4.074E-2	2.014E-2	-2.060E-2	7.302E+0	1.005E-5	2.011E-6
0.000E+0	0.000E+0	5.210E+0	3.960E-2	1.968E-2	-1.991E-2	7.302E+0	9.632E-6	2.009E-6
0.000E+0	0.000E+0	5.220E+0	3.891E-2	1.968E-2	-1.923E-2	7.302E+0	9.209E-6	2.012E-6
0.000E+0	0.000E+0	5.230E+0	3.799E-2	1.900E-2	-1.900E-2	7.303E+0	8.764E-6	2.011E-6
0.000E+0	0.000E+0	5.240E+0	3.708E-2	1.831E-2	-1.877E-2	7.303E+0	8.377E-6	2.009E-6
0.000E+0	0.000E+0	5.250E+0	3.593E-2	1.831E-2	-1.762E-2	7.303E+0	7.988E-6	2.010E-6
0.000E+0	0.000E+0	5.260E+0	3.570E-2	1.785E-2	-1.785E-2	7.303E+0	7.607E-6	2.008E-6
0.000E+0	0.000E+0	5.270E+0	3.479E-2	1.739E-2	-1.739E-2	7.303E+0	7.209E-6	2.009E-6
0.000E+0	0.000E+0	5.280E+0	3.364E-2	1.671E-2	-1.694E-2	7.303E+0	6.867E-6	2.012E-6
0.000E+0	0.000E+0	5.290E+0	3.319E-2	1.648E-2	-1.671E-2	7.303E+0	6.540E-6	2.009E-6
0.000E+0	0.000E+0	5.300E+0	3.158E-2	1.579E-2	-1.579E-2	7.303E+0	6.212E-6	2.011E-6
0.000E+0	0.000E+0	5.310E+0	3.136E-2	1.579E-2	-1.556E-2	7.303E+0	5.858E-6	2.009E-6
0.000E+0	0.000E+0	5.320E+0	3.067E-2	1.556E-2	-1.511E-2	7.303E+0	5.580E-6	2.008E-6
0.000E+0	0.000E+0	5.330E+0	2.956E-2	1.465E-2	-1.491E-2	7.302E+0	5.267E-6	2.007E-6
0.000E+0	0.000E+0	5.340E+0	2.930E-2	1.465E-2	-1.465E-2	7.303E+0	5.001E-6	2.008E-6
0.000E+0	0.000E+0	5.350E+0	2.777E-2	1.389E-2	-1.389E-2	7.302E+0	4.716E-6	2.008E-6
0.000E+0	0.000E+0	5.360E+0	2.716E-2	1.373E-2	-1.343E-2	7.303E+0	4.459E-6	2.009E-6
