0.000E+0	0.000E+0	0.000E+0	9.611E-3	4.501E-3	-5.111E-3	7.153E+0	1.915E-7	1.854E-6
0.000E+0	0.000E+0	1.000E-1	9.917E-3	4.729E-3	-5.187E-3	7.153E+0	1.850E-7	1.856E-6
0.000E+0	0.000E+0	2.000E-1	8.370E-3	4.011E-3	-4.359E-3	7.181E+0	1.202E-7	1.793E-6
0.000E+0	0.000E+0	3.000E-1	7.170E-3	2.899E-3	-4.272E-3	7.228E+0	4.757E-8	1.392E-6
0.000E+0	0.000E+0	4.000E-1	5.951E-3	3.357E-3	-2.594E-3	6.947E+0	2.432E-8	2.266E-6
0.000E+0	0.000E+0	5.000E-1	7.247E-3	3.356E-3	-3.890E-3	6.980E+0	8.276E-8	2.172E-6
0.000E+0	0.000E+0	6.000E-1	1.011E-2	4.883E-3	-5.231E-3	7.022E+0	1.845E-7	2.085E-6
0.000E+0	0.000E+0	7.000E-1	1.203E-2	6.103E-3	-5.929E-3	7.031E+0	2.721E-7	2.080E-6
0.000E+0	0.000E+0	8.000E-1	1.151E-2	5.406E-3	-6.103E-3	7.029E+0	2.583E-7	2.101E-6
0.000E+0	0.000E+0	9.000E-1	1.011E-2	4.708E-3	-5.406E-3	7.016E+0	1.485E-7	2.051E-6
0.000E+0	0.000E+0	1.000E+0	8.370E-3	4.011E-3	-4.359E-3	7.187E+0	8.334E-8	1.262E-6
0.000E+0	0.000E+0	1.100E+0	1.133E-2	5.580E-3	-5.754E-3	7.209E+0	2.715E-7	1.796E-6
0.000E+0	0.000E+0	1.200E+0	1.785E-2	8.850E-3	-9.003E-3	7.183E+0	8.478E-7	1.937E-6
0.000E+0	0.000E+0	1.300E+0	2.518E-2	1.267E-2	-1.251E-2	7.157E+0	1.805E-6	1.956E-6
0.000E+0	0.000E+0	1.400E+0	3.098E-2	1.572E-2	-1.526E-2	7.146E+0	2.842E-6	1.949E-6
0.000E+0	0.000E+0	1.500E+0	3.570E-2	1.808E-2	-1.762E-2	7.141E+0	3.593E-6	1.946E-6
0.000E+0	0.000E+0	1.600E+0	3.593E-2	1.762E-2	-1.831E-2	7.138E+0	3.754E-6	1.945E-6
0.000E+0	0.000E+0	1.700E+0	3.364E-2	1.671E-2	-1.694E-2	7.137E+0	3.250E-6	1.952E-6
0.000E+0	0.000E+0	1.800E+0	2.976E-2	1.465E-2	-1.511E-2	7.134E+0	2.344E-6	1.992E-6
0.000E+0	0.000E+0	1.900E+0	2.365E-2	1.190E-2	-1.175E-2	7.125E+0	1.437E-6	1.934E-6
0.000E+0	0.000E+0	2.000E+0	1.984E-2	9.919E-3	-9.919E-3	7.095E+0	1.018E-6	1.860E-6
0.000E+0	0.000E+0	2.100E+0	2.243E-2	1.129E-2	-1.114E-2	7.083E+0	1.489E-6	1.939E-6
0.000E+0	0.000E+0	2.200E+0	2.904E-2	1.439E-2	-1.465E-2	7.088E+0	2.783E-6	1.958E-6
0.000E+0	0.000E+0	2.300E+0	3.616E-2	1.785E-2	-1.831E-2	7.094E+0	4.573E-6	1.997E-6
0.000E+0	0.000E+0	2.400E+0	4.211E-2	2.083E-2	-2.129E-2	7.099E+0	6.149E-6	1.995E-6
0.000E+0	0.000E+0	2.500E+0	4.509E-2	2.266E-2	-2.243E-2	7.101E+0	6.953E-6	1.990E-6
0.000E+0	0.000E+0	2.600E+0	4.394E-2	2.174E-2	-2.220E-2	7.103E+0	6.641E-6	1.991E-6
0.000E+0	0.000E+0	2.700E+0	3.891E-2	1.945E-2	-1.945E-2	7.103E+0	5.238E-6	2.000E-6
0.000E+0	0.000E+0	2.800E+0	3.082E-2	1.572E-2	-1.511E-2	7.104E+0	3.098E-6	2.004E-6
0.000E+0	0.000E+0	2.900E+0	1.877E-2	9.308E-3	-9.461E-3	7.106E+0	1.079E-6	1.974E-6
0.000E+0	0.000E+0	3.000E+0	8.545E-3	3.967E-3	-4.578E-3	7.142E+0	1.250E-7	2.056E-6
0.000E+0	0.000E+0	3.100E+0	1.923E-2	9.766E-3	-9.461E-3	7.118E+0	1.108E-6	2.019E-6
0.000E+0	0.000E+0	3.200E+0	3.639E-2	1.808E-2	-1.831E-2	7.113E+0	4.507E-6	2.010E-6
0.000E+0	0.000E+0	3.300E+0	5.441E-2	2.720E-2	-2.720E-2	7.111E+0	1.038E-5	2.003E-6
0.000E+0	0.000E+0	3.400E+0	7.133E-2	3.548E-2	-3.586E-2	7.111E+0	1.812E-5	1.998E-6
0.000E+0	0.000E+0	3.500E+0	8.606E-2	4.303E-2	-4.303E-2	7.111E+0	2.686E-5	1.996E-6
0.000E+0	0.000E+0	3.600E+0	9.888E-2	5.005E-2	-4.883E-2	7.111E+0	3.606E-5	1.999E-6
0.000E+0	0.000E+0	3.700E+0	1.102E-1	5.580E-2	-5.441E-2	7.111E+0	4.484E-5	2.003E-6
0.000E+0	0.000E+0	3.800E+0	1.190E-1	6.103E-2	-5.798E-2	7.110E+0	5.168E-5	2.009E-6
0.000E+0	0.000E+0	3.900E+0	1.227E-1	6.348E-2	-5.920E-2	7.110E+0	5.629E-5	2.011E-6
0.000E+0	0.000E+0	4.000E+0	1.263E-1	6.523E-2	-6.111E-2	7.111E+0	5.875E-5	1.983E-6
0.000E+0	0.000E+0	4.100E+0	1.250E-1	6.455E-2	-6.043E-2	7.110E+0	5.813E-5	1.985E-6
0.000E+0	0.000E+0	4.200E+0	1.215E-1	6.287E-2	-5.859E-2	7.111E+0	5.469E-5	2.011E-6
0.000E+0	0.000E+0	4.300E+0	1.166E-1	6.042E-2	-5.615E-2	7.110E+0	4.970E-5	2.010E-6
0.000E+0	0.000E+0	4.400E+0	1.089E-1	5.608E-2	-5.287E-2	7.111E+0	4.343E-5	2.005E-6
0.000E+0	0.000E+0	4.500E+0	9.987E-2	5.127E-2	-4.860E-2	7.111E+0	3.647E-5	2.003E-6
0.000E+0	0.000E+0	4.600E+0	9.064E-2	4.669E-2	-4.395E-2	7.111E+0	2.941E-5	1.998E-6
0.000E+0	0.000E+0	4.700E+0	7.965E-2	4.074E-2	-3.891E-2	7.111E+0	2.273E-5	1.998E-6
0.000E+0	0.000E+0	4.800E+0	6.905E-2	3.548E-2	-3.357E-2	7.111E+0	1.694E-5	1.996E-6
0.000E+0	0.000E+0	4.900E+0	5.890E-2	3.021E-2	-2.869E-2	7.111E+0	1.185E-5	1.995E-6
0.000E+0	0.000E+0	5.000E+0	4.813E-2	2.441E-2	-2.372E-2	7.111E+0	8.139E-6	1.996E-6
0.000E+0	0.000E+0	5.100E+0	3.891E-2	1.968E-2	-1.923E-2	7.112E+0	5.228E-6	1.994E-6
0.000E+0	0.000E+0	5.200E+0	3.204E-2	1.617E-2	-1.587E-2	7.113E+0	3.310E-6	1.999E-6
0.000E+0	0.000E+0	5.300E+0	2.537E-2	1.282E-2	-1.256E-2	7.113E+0	2.085E-6	1.999E-6
0.000E+0	0.000E+0	5.400E+0	2.213E-2	1.129E-2	-1.083E-2	7.117E+0	1.465E-6	1.999E-6
0.000E+0	0.000E+0	5.500E+0	1.999E-2	1.038E-2	-9.613E-3	7.118E+0	1.213E-6	2.003E-6
0.000E+0	0.000E+0	5.600E+0	1.984E-2	9.919E-3	-9.919E-3	7.123E+0	1.192E-6	2.007E-6
0.000E+0	0.000E+0	5.700E+0	2.075E-2	1.038E-2	-1.038E-2	7.124E+0	1.290E-6	2.005E-6
0.000E+0	0.000E+0	5.800E+0	2.121E-2	1.083E-2	-1.038E-2	7.123E+0	1.417E-6	2.008E-6
0.000E+0	0.000E+0	5.900E+0	2.197E-2	1.129E-2	-1.068E-2	7.125E+0	1.500E-6	2.006E-6
0.000E+0	0.000E+0	6.000E+0	2.213E-2	1.160E-2	-1.053E-2	7.124E+0	1.533E-6	2.011E-6
0.000E+0	0.000E+0	6.100E+0	2.197E-2	1.129E-2	-1.068E-2	7.124E+0	1.484E-6	2.011E-6
0.000E+0	0.000E+0	6.200E+0	2.091E-2	1.068E-2	-1.022E-2	7.125E+0	1.379E-6	2.012E-6
0.000E+0	0.000E+0	6.300E+0	2.029E-2	1.053E-2	-9.766E-3	7.125E+0	1.230E-6	2.012E-6
0.000E+0	0.000E+0	6.400E+0	1.831E-2	9.461E-3	-8.850E-3	7.129E+0	1.047E-6	2.012E-6
0.000E+0	0.000E+0	6.500E+0	1.724E-2	9.156E-3	-8.087E-3	7.131E+0	8.650E-7	2.014E-6
0.000E+0	0.000E+0	6.600E+0	1.602E-2	7.935E-3	-8.087E-3	7.136E+0	6.995E-7	2.010E-6
0.000E+0	0.000E+0	6.700E+0	1.480E-2	7.630E-3	-7.172E-3	7.136E+0	5.668E-7	2.011E-6
0.000E+0	0.000E+0	6.800E+0	1.358E-2	7.019E-3	-6.562E-3	7.134E+0	4.711E-7	1.967E-6
0.000E+0	0.000E+0	6.900E+0	1.312E-2	6.714E-3	-6.409E-3	7.132E+0	4.187E-7	1.996E-6
0.000E+0	0.000E+0	7.000E+0	1.328E-2	6.867E-3	-6.409E-3	7.121E+0	4.049E-7	1.972E-6
0.000E+0	0.000E+0	7.100E+0	1.389E-2	7.477E-3	-6.409E-3	7.111E+0	4.238E-7	1.947E-6
0.000E+0	0.000E+0	7.200E+0	1.373E-2	6.714E-3	-7.019E-3	7.103E+0	4.689E-7	1.948E-6
0.000E+0	0.000E+0	7.300E+0	1.480E-2	7.325E-3	-7.477E-3	7.097E+0	5.303E-7	1.984E-6
0.000E+0	0.000E+0	7.400E+0	1.534E-2	7.324E-3	-8.021E-3	7.089E+0	6.030E-7	1.964E-6
0.000E+0	0.000E+0	7.500E+0	1.633E-2	8.087E-3	-8.240E-3	7.082E+0	6.826E-7	1.974E-6
0.000E+0	0.000E+0	7.600E+0	1.633E-2	8.240E-3	-8.087E-3	7.079E+0	7.474E-7	1.968E-6
0.000E+0	0.000E+0	7.700E+0	1.816E-2	9.156E-3	-9.003E-3	7.078E+0	8.060E-7	1.978E-6
0.000E+0	0.000E+0	7.800E+0	1.709E-2	8.393E-3	-8.698E-3	7.076E+0	8.583E-7	1.976E-6
0.000E+0	0.000E+0	7.900E+0	1.724E-2	8.698E-3	-8.545E-3	7.073E+0	9.012E-7	2.015E-6
0.000E+0	0.000E+0	8.000E+0	1.740E-2	8.698E-3	-8.698E-3	7.074E+0	9.301E-7	2.014E-6
