0.000E+0	0.000E+0	0.000E+0	1.015E-2	4.958E-3	-5.187E-3	4.369E+0	5.520E-7	4.874E-6
0.000E+0	0.000E+0	2.500E-2	1.046E-2	4.970E-3	-5.493E-3	4.367E+0	6.404E-7	4.955E-6
0.000E+0	0.000E+0	5.000E-2	1.011E-2	4.795E-3	-5.318E-3	4.369E+0	5.938E-7	4.879E-6
0.000E+0	0.000E+0	7.500E-2	9.900E+37	3.968E-3	9.900E+37	4.373E+0	4.756E-7	4.940E-6
0.000E+0	0.000E+0	1.000E-1	8.196E-3	3.749E-3	-4.447E-3	4.380E+0	3.447E-7	4.956E-6
0.000E+0	0.000E+0	1.250E-1	7.021E-3	2.824E-3	-4.197E-3	4.387E+0	2.219E-7	5.083E-6
0.000E+0	0.000E+0	1.500E-1	7.402E-3	2.824E-3	-4.579E-3	4.386E+0	1.952E-7	4.796E-6
0.000E+0	0.000E+0	1.750E-1	9.900E+37	3.968E-3	9.900E+37	4.368E+0	3.417E-7	4.766E-6
0.000E+0	0.000E+0	2.000E-1	1.037E-2	5.035E-3	-5.340E-3	4.366E+0	5.380E-7	4.852E-6
0.000E+0	0.000E+0	2.250E-1	9.900E+37	4.350E-3	9.900E+37	4.367E+0	6.099E-7	4.947E-6
0.000E+0	0.000E+0	2.500E-1	9.765E-3	4.621E-3	-5.144E-3	4.370E+0	5.785E-7	4.913E-6
0.000E+0	0.000E+0	2.750E-1	8.806E-3	4.098E-3	-4.708E-3	4.376E+0	4.405E-7	5.063E-6
0.000E+0	0.000E+0	3.000E-1	7.324E-3	3.662E-3	-3.662E-3	4.383E+0	2.366E-7	5.113E-6
0.000E+0	0.000E+0	3.250E-1	6.365E-3	2.354E-3	-4.011E-3	4.393E+0	1.233E-7	4.935E-6
0.000E+0	0.000E+0	3.500E-1	7.479E-3	2.976E-3	-4.502E-3	4.373E+0	1.982E-7	4.627E-6
0.000E+0	0.000E+0	3.750E-1	9.678E-3	5.144E-3	-4.534E-3	4.366E+0	3.956E-7	4.866E-6
0.000E+0	0.000E+0	4.000E-1	1.076E-2	5.645E-3	-5.111E-3	4.364E+0	5.553E-7	4.991E-6
0.000E+0	0.000E+0	4.250E-1	1.137E-2	5.416E-3	-5.950E-3	4.365E+0	6.171E-7	5.096E-6
0.000E+0	0.000E+0	4.500E-1	1.046E-2	5.144E-3	-5.318E-3	4.371E+0	5.317E-7	5.111E-6
0.000E+0	0.000E+0	4.750E-1	9.900E+37	3.663E-3	9.900E+37	4.375E+0	3.089E-7	5.159E-6
0.000E+0	0.000E+0	5.000E-1	7.326E-3	3.129E-3	-4.197E-3	4.385E+0	1.586E-7	5.079E-6
0.000E+0	0.000E+0	5.250E-1	8.089E-3	3.281E-3	-4.808E-3	4.368E+0	1.748E-7	4.690E-6
0.000E+0	0.000E+0	5.500E-1	1.037E-2	4.729E-3	-5.645E-3	4.358E+0	3.419E-7	4.945E-6
0.000E+0	0.000E+0	5.750E-1	1.205E-2	5.950E-3	-6.103E-3	4.359E+0	5.413E-7	4.953E-6
0.000E+0	0.000E+0	6.000E-1	1.266E-2	6.179E-3	-6.484E-3	4.361E+0	6.753E-7	5.024E-6
0.000E+0	0.000E+0	6.250E-1	1.266E-2	6.255E-3	-6.408E-3	4.363E+0	6.412E-7	5.050E-6
0.000E+0	0.000E+0	6.500E-1	1.098E-2	5.416E-3	-5.569E-3	4.370E+0	4.484E-7	5.108E-6
0.000E+0	0.000E+0	6.750E-1	1.037E-2	5.187E-3	-5.187E-3	4.372E+0	3.003E-7	4.966E-6
0.000E+0	0.000E+0	7.000E-1	1.083E-2	5.340E-3	-5.492E-3	4.360E+0	3.308E-7	4.838E-6
0.000E+0	0.000E+0	7.250E-1	1.274E-2	6.331E-3	-6.408E-3	4.355E+0	5.111E-7	4.967E-6
0.000E+0	0.000E+0	7.500E-1	1.480E-2	7.476E-3	-7.323E-3	4.354E+0	7.512E-7	4.991E-6
0.000E+0	0.000E+0	7.750E-1	1.571E-2	7.628E-3	-8.086E-3	4.356E+0	9.303E-7	5.046E-6
0.000E+0	0.000E+0	8.000E-1	1.541E-2	7.628E-3	-7.781E-3	4.360E+0	9.050E-7	5.031E-6
0.000E+0	0.000E+0	8.250E-1	1.396E-2	6.636E-3	-7.323E-3	4.360E+0	6.967E-7	4.960E-6
0.000E+0	0.000E+0	8.500E-1	1.388E-2	6.789E-3	-7.094E-3	4.353E+0	6.046E-7	4.858E-6
0.000E+0	0.000E+0	8.750E-1	1.518E-2	7.323E-3	-7.857E-3	4.348E+0	7.379E-7	4.935E-6
0.000E+0	0.000E+0	9.000E-1	1.617E-2	7.933E-3	-8.238E-3	4.348E+0	1.007E-6	4.965E-6
0.000E+0	0.000E+0	9.250E-1	1.747E-2	8.543E-3	-8.925E-3	4.349E+0	1.297E-6	4.930E-6
0.000E+0	0.000E+0	9.500E-1	1.838E-2	9.077E-3	-9.306E-3	4.350E+0	1.444E-6	4.929E-6
0.000E+0	0.000E+0	9.750E-1	1.770E-2	8.772E-3	-8.925E-3	4.351E+0	1.314E-6	4.901E-6
0.000E+0	0.000E+0	1.000E+0	1.640E-2	8.010E-3	-8.391E-3	4.348E+0	1.105E-6	4.946E-6
0.000E+0	0.000E+0	1.025E+0	1.693E-2	8.315E-3	-8.620E-3	4.347E+0	1.183E-6	4.965E-6
0.000E+0	0.000E+0	1.050E+0	1.884E-2	9.230E-3	-9.611E-3	4.347E+0	1.522E-6	4.929E-6
0.000E+0	0.000E+0	1.075E+0	9.900E+37	9.900E+37	9.900E+37	4.348E+0	1.930E-6	4.992E-6
0.000E+0	0.000E+0	1.100E+0	2.060E-2	9.613E-3	-1.099E-2	4.348E+0	2.172E-6	4.984E-6
0.000E+0	0.000E+0	1.125E+0	9.900E+37	9.900E+37	9.900E+37	4.349E+0	2.211E-6	4.969E-6
0.000E+0	0.000E+0	1.150E+0	9.900E+37	9.459E-3	9.900E+37	4.348E+0	1.959E-6	4.900E-6
0.000E+0	0.000E+0	1.175E+0	1.857E-2	9.285E-3	-9.285E-3	4.347E+0	1.818E-6	4.949E-6
0.000E+0	0.000E+0	1.200E+0	9.900E+37	9.611E-3	9.900E+37	4.347E+0	2.220E-6	5.003E-6
0.000E+0	0.000E+0	1.225E+0	2.197E-2	1.099E-2	-1.099E-2	4.347E+0	2.804E-6	5.003E-6
0.000E+0	0.000E+0	1.250E+0	2.266E-2	1.110E-2	-1.156E-2	4.348E+0	3.263E-6	4.997E-6
0.000E+0	0.000E+0	1.275E+0	2.277E-2	1.133E-2	-1.144E-2	4.348E+0	3.437E-6	4.990E-6
0.000E+0	0.000E+0	1.300E+0	2.243E-2	1.110E-2	-1.133E-2	4.348E+0	3.229E-6	4.984E-6
0.000E+0	0.000E+0	1.325E+0	2.158E-2	1.033E-2	-1.125E-2	4.348E+0	2.917E-6	4.978E-6
0.000E+0	0.000E+0	1.350E+0	9.900E+37	9.900E+37	9.900E+37	4.347E+0	3.097E-6	4.932E-6
0.000E+0	0.000E+0	1.375E+0	2.277E-2	1.099E-2	-1.179E-2	4.348E+0	3.820E-6	4.938E-6
0.000E+0	0.000E+0	1.400E+0	2.495E-2	1.224E-2	-1.270E-2	4.348E+0	4.625E-6	4.920E-6
0.000E+0	0.000E+0	1.425E+0	2.506E-2	1.247E-2	-1.259E-2	4.348E+0	5.047E-6	4.927E-6
0.000E+0	0.000E+0	1.450E+0	2.563E-2	1.238E-2	-1.325E-2	4.349E+0	5.012E-6	4.910E-6
0.000E+0	0.000E+0	1.475E+0	2.426E-2	1.213E-2	-1.213E-2	4.349E+0	4.545E-6	4.902E-6
0.000E+0	0.000E+0	1.500E+0	2.357E-2	1.156E-2	-1.202E-2	4.348E+0	4.365E-6	4.942E-6
0.000E+0	0.000E+0	1.525E+0	2.518E-2	1.247E-2	-1.270E-2	4.349E+0	4.935E-6	4.943E-6
0.000E+0	0.000E+0	1.550E+0	2.747E-2	1.373E-2	-1.373E-2	4.349E+0	6.010E-6	4.923E-6
0.000E+0	0.000E+0	1.575E+0	2.929E-2	1.430E-2	-1.500E-2	4.349E+0	6.869E-6	4.862E-6
0.000E+0	0.000E+0	1.600E+0	2.999E-2	1.482E-2	-1.517E-2	4.349E+0	7.066E-6	4.864E-6
0.000E+0	0.000E+0	1.625E+0	2.912E-2	1.395E-2	-1.517E-2	4.349E+0	6.627E-6	4.835E-6
0.000E+0	0.000E+0	1.650E+0	2.815E-2	1.419E-2	-1.396E-2	4.349E+0	6.034E-6	4.825E-6
0.000E+0	0.000E+0	1.675E+0	2.807E-2	1.395E-2	-1.412E-2	4.349E+0	6.224E-6	4.827E-6
0.000E+0	0.000E+0	1.700E+0	2.964E-2	1.465E-2	-1.500E-2	4.350E+0	7.094E-6	4.809E-6
0.000E+0	0.000E+0	1.725E+0	3.235E-2	1.633E-2	-1.602E-2	4.350E+0	8.190E-6	4.785E-6
0.000E+0	0.000E+0	1.750E+0	3.311E-2	1.663E-2	-1.648E-2	4.350E+0	8.830E-6	4.787E-6
0.000E+0	0.000E+0	1.775E+0	3.250E-2	1.648E-2	-1.602E-2	4.350E+0	8.553E-6	4.720E-6
0.000E+0	0.000E+0	1.800E+0	3.174E-2	1.602E-2	-1.572E-2	4.350E+0	7.789E-6	4.690E-6
0.000E+0	0.000E+0	1.825E+0	3.128E-2	1.556E-2	-1.572E-2	4.350E+0	7.362E-6	4.687E-6
0.000E+0	0.000E+0	1.850E+0	3.209E-2	1.604E-2	-1.604E-2	4.350E+0	7.856E-6	4.672E-6
0.000E+0	0.000E+0	1.875E+0	3.464E-2	1.755E-2	-1.709E-2	4.351E+0	8.877E-6	4.668E-6
0.000E+0	0.000E+0	1.900E+0	3.525E-2	1.801E-2	-1.724E-2	4.351E+0	9.794E-6	4.675E-6
0.000E+0	0.000E+0	1.925E+0	3.567E-2	1.793E-2	-1.774E-2	4.351E+0	9.888E-6	4.664E-6
0.000E+0	0.000E+0	1.950E+0	3.472E-2	1.717E-2	-1.755E-2	4.351E+0	9.292E-6	4.656E-6
0.000E+0	0.000E+0	1.975E+0	3.296E-2	1.679E-2	-1.617E-2	4.351E+0	8.385E-6	4.577E-6
0.000E+0	0.000E+0	2.000E+0	3.266E-2	1.648E-2	-1.617E-2	4.351E+0	8.164E-6	4.556E-6
0.000E+0	0.000E+0	2.025E+0	3.418E-2	1.724E-2	-1.694E-2	4.351E+0	8.776E-6	4.565E-6
0.000E+0	0.000E+0	2.050E+0	3.529E-2	1.774E-2	-1.755E-2	4.352E+0	9.762E-6	4.572E-6
0.000E+0	0.000E+0	2.075E+0	3.624E-2	1.793E-2	-1.831E-2	4.352E+0	1.017E-5	4.573E-6
0.000E+0	0.000E+0	2.100E+0	3.571E-2	1.770E-2	-1.801E-2	4.352E+0	9.757E-6	4.560E-6
0.000E+0	0.000E+0	2.125E+0	3.418E-2	1.724E-2	-1.694E-2	4.352E+0	8.797E-6	4.545E-6
0.000E+0	0.000E+0	2.150E+0	3.250E-2	1.617E-2	-1.633E-2	4.352E+0	8.044E-6	4.543E-6
0.000E+0	0.000E+0	2.175E+0	3.266E-2	1.648E-2	-1.617E-2	4.352E+0	8.057E-6	4.546E-6
0.000E+0	0.000E+0	2.200E+0	3.327E-2	1.663E-2	-1.663E-2	4.352E+0	8.651E-6	4.558E-6
0.000E+0	0.000E+0	2.225E+0	3.491E-2	1.736E-2	-1.755E-2	4.352E+0	9.275E-6	4.555E-6
0.000E+0	0.000E+0	2.250E+0	3.433E-2	1.709E-2	-1.724E-2	4.353E+0	9.106E-6	4.552E-6
0.000E+0	0.000E+0	2.275E+0	3.357E-2	1.663E-2	-1.694E-2	4.352E+0	8.278E-6	4.546E-6
0.000E+0	0.000E+0	2.300E+0	3.104E-2	1.569E-2	-1.534E-2	4.353E+0	7.332E-6	4.545E-6
0.000E+0	0.000E+0	2.325E+0	2.999E-2	1.465E-2	-1.534E-2	4.353E+0	6.769E-6	4.551E-6
0.000E+0	0.000E+0	2.350E+0	3.037E-2	1.526E-2	-1.511E-2	4.353E+0	6.869E-6	4.560E-6
0.000E+0	0.000E+0	2.375E+0	3.082E-2	1.556E-2	-1.526E-2	4.353E+0	7.252E-6	4.617E-6
0.000E+0	0.000E+0	2.400E+0	3.082E-2	1.556E-2	-1.526E-2	4.354E+0	7.263E-6	4.600E-6
0.000E+0	0.000E+0	2.425E+0	2.991E-2	1.495E-2	-1.495E-2	4.353E+0	6.750E-6	4.586E-6
0.000E+0	0.000E+0	2.450E+0	2.815E-2	1.419E-2	-1.396E-2	4.353E+0	5.821E-6	4.528E-6
0.000E+0	0.000E+0	2.475E+0	2.575E-2	1.282E-2	-1.293E-2	4.353E+0	5.017E-6	4.552E-6
0.000E+0	0.000E+0	2.500E+0	2.529E-2	1.236E-2	-1.293E-2	4.355E+0	4.745E-6	4.627E-6
0.000E+0	0.000E+0	2.525E+0	2.541E-2	1.236E-2	-1.305E-2	4.356E+0	4.853E-6	4.603E-6
0.000E+0	0.000E+0	2.550E+0	2.541E-2	1.247E-2	-1.293E-2	4.355E+0	4.913E-6	4.605E-6
0.000E+0	0.000E+0	2.575E+0	2.518E-2	1.224E-2	-1.293E-2	4.357E+0	4.575E-6	4.603E-6
0.000E+0	0.000E+0	2.600E+0	2.277E-2	1.110E-2	-1.167E-2	4.356E+0	3.877E-6	4.602E-6
0.000E+0	0.000E+0	2.625E+0	2.066E-2	1.020E-2	-1.046E-2	4.356E+0	3.173E-6	4.608E-6
0.000E+0	0.000E+0	2.650E+0	9.900E+37	9.611E-3	9.900E+37	4.357E+0	2.800E-6	4.597E-6
0.000E+0	0.000E+0	2.675E+0	9.900E+37	9.459E-3	9.900E+37	4.358E+0	2.755E-6	4.692E-6
0.000E+0	0.000E+0	2.700E+0	9.900E+37	9.900E+37	9.900E+37	4.358E+0	2.756E-6	4.695E-6
0.000E+0	0.000E+0	2.725E+0	9.900E+37	9.900E+37	9.900E+37	4.356E+0	2.605E-6	4.689E-6
0.000E+0	0.000E+0	2.750E+0	1.808E-2	8.925E-3	-9.154E-3	4.355E+0	2.189E-6	4.699E-6
0.000E+0	0.000E+0	2.775E+0	1.640E-2	8.010E-3	-8.391E-3	4.353E+0	1.707E-6	4.644E-6
0.000E+0	0.000E+0	2.800E+0	1.541E-2	7.704E-3	-7.704E-3	4.351E+0	1.449E-6	4.674E-6
0.000E+0	0.000E+0	2.825E+0	1.556E-2	8.010E-3	-7.552E-3	4.351E+0	1.435E-6	4.607E-6
0.000E+0	0.000E+0	2.850E+0	1.617E-2	7.781E-3	-8.391E-3	4.350E+0	1.577E-6	4.673E-6
0.000E+0	0.000E+0	2.875E+0	1.602E-2	8.010E-3	-8.010E-3	4.349E+0	1.618E-6	4.623E-6
0.000E+0	0.000E+0	2.900E+0	1.510E-2	7.247E-3	-7.857E-3	4.348E+0	1.452E-6	4.611E-6
0.000E+0	0.000E+0	2.925E+0	1.472E-2	7.399E-3	-7.323E-3	4.348E+0	1.272E-6	4.589E-6
0.000E+0	0.000E+0	2.950E+0	1.426E-2	6.942E-3	-7.323E-3	4.348E+0	1.306E-6	4.481E-6
0.000E+0	0.000E+0	2.975E+0	1.587E-2	7.704E-3	-8.162E-3	4.348E+0	1.570E-6	4.449E-6
0.000E+0	0.000E+0	3.000E+0	1.709E-2	8.391E-3	-8.696E-3	4.348E+0	1.932E-6	4.421E-6
0.000E+0	0.000E+0	3.025E+0	1.808E-2	9.077E-3	-9.001E-3	4.348E+0	2.221E-6	4.356E-6
0.000E+0	0.000E+0	3.050E+0	1.854E-2	9.230E-3	-9.306E-3	4.348E+0	2.367E-6	4.333E-6
0.000E+0	0.000E+0	3.075E+0	9.900E+37	9.900E+37	-9.611E-3	4.349E+0	2.486E-6	4.282E-6
0.000E+0	0.000E+0	3.100E+0	2.027E-2	9.939E-3	-1.033E-2	4.349E+0	2.770E-6	4.246E-6
0.000E+0	0.000E+0	3.125E+0	2.277E-2	1.121E-2	-1.156E-2	4.350E+0	3.303E-6	4.218E-6
0.000E+0	0.000E+0	3.150E+0	2.438E-2	1.236E-2	-1.202E-2	4.350E+0	4.004E-6	4.197E-6
0.000E+0	0.000E+0	3.175E+0	2.609E-2	1.316E-2	-1.293E-2	4.350E+0	4.609E-6	4.208E-6
0.000E+0	0.000E+0	3.200E+0	2.724E-2	1.350E-2	-1.373E-2	4.350E+0	5.068E-6	4.096E-6
0.000E+0	0.000E+0	3.225E+0	2.842E-2	1.430E-2	-1.412E-2	4.351E+0	5.496E-6	4.131E-6
0.000E+0	0.000E+0	3.250E+0	2.964E-2	1.482E-2	-1.482E-2	4.351E+0	6.037E-6	4.113E-6
0.000E+0	0.000E+0	3.275E+0	3.159E-2	1.602E-2	-1.556E-2	4.351E+0	6.785E-6	4.060E-6
0.000E+0	0.000E+0	3.300E+0	3.327E-2	1.663E-2	-1.663E-2	4.352E+0	7.807E-6	4.103E-6
0.000E+0	0.000E+0	3.325E+0	3.555E-2	1.785E-2	-1.770E-2	4.352E+0	8.674E-6	4.043E-6
0.000E+0	0.000E+0	3.350E+0	3.701E-2	1.850E-2	-1.850E-2	4.352E+0	9.478E-6	4.036E-6
0.000E+0	0.000E+0	3.375E+0	3.777E-2	1.888E-2	-1.888E-2	4.352E+0	1.008E-5	4.043E-6
0.000E+0	0.000E+0	3.400E+0	3.968E-2	1.965E-2	-2.003E-2	4.352E+0	1.082E-5	4.025E-6
0.000E+0	0.000E+0	3.425E+0	4.177E-2	2.060E-2	-2.117E-2	4.352E+0	1.169E-5	4.016E-6
0.000E+0	0.000E+0	3.450E+0	4.264E-2	2.145E-2	-2.119E-2	4.353E+0	1.278E-5	4.021E-6
0.000E+0	0.000E+0	3.475E+0	4.486E-2	2.243E-2	-2.243E-2	4.353E+0	1.392E-5	4.019E-6
0.000E+0	0.000E+0	3.500E+0	4.578E-2	2.312E-2	-2.266E-2	4.353E+0	1.493E-5	4.013E-6
0.000E+0	0.000E+0	3.525E+0	4.715E-2	2.357E-2	-2.357E-2	4.353E+0	1.575E-5	4.015E-6
0.000E+0	0.000E+0	3.550E+0	4.829E-2	2.403E-2	-2.426E-2	4.353E+0	1.650E-5	4.010E-6
0.000E+0	0.000E+0	3.575E+0	5.012E-2	2.518E-2	-2.495E-2	4.353E+0	1.742E-5	4.006E-6
0.000E+0	0.000E+0	3.600E+0	5.195E-2	2.632E-2	-2.563E-2	4.353E+0	1.862E-5	4.006E-6
0.000E+0	0.000E+0	3.625E+0	5.310E-2	2.632E-2	-2.678E-2	4.353E+0	1.986E-5	4.008E-6
0.000E+0	0.000E+0	3.650E+0	5.447E-2	2.724E-2	-2.724E-2	4.353E+0	2.089E-5	4.009E-6
0.000E+0	0.000E+0	3.675E+0	5.608E-2	2.804E-2	-2.804E-2	4.353E+0	2.176E-5	4.006E-6
0.000E+0	0.000E+0	3.700E+0	5.661E-2	2.857E-2	-2.804E-2	4.353E+0	2.263E-5	4.005E-6
0.000E+0	0.000E+0	3.725E+0	5.798E-2	2.877E-2	-2.921E-2	4.353E+0	2.342E-5	4.005E-6
0.000E+0	0.000E+0	3.750E+0	5.955E-2	3.017E-2	-2.937E-2	4.354E+0	2.455E-5	4.005E-6
0.000E+0	0.000E+0	3.775E+0	6.012E-2	3.052E-2	-2.960E-2	4.354E+0	2.561E-5	4.006E-6
0.000E+0	0.000E+0	3.800E+0	6.104E-2	3.082E-2	-3.021E-2	4.354E+0	2.667E-5	4.008E-6
0.000E+0	0.000E+0	3.825E+0	6.317E-2	3.204E-2	-3.113E-2	4.354E+0	2.752E-5	4.007E-6
0.000E+0	0.000E+0	3.850E+0	6.348E-2	3.204E-2	-3.143E-2	4.354E+0	2.830E-5	4.005E-6
0.000E+0	0.000E+0	3.875E+0	6.409E-2	3.235E-2	-3.174E-2	4.354E+0	2.904E-5	4.005E-6
0.000E+0	0.000E+0	3.900E+0	6.439E-2	3.266E-2	-3.174E-2	4.354E+0	2.978E-5	4.005E-6
0.000E+0	0.000E+0	3.925E+0	6.562E-2	3.327E-2	-3.235E-2	4.354E+0	3.081E-5	4.005E-6
0.000E+0	0.000E+0	3.950E+0	6.729E-2	3.399E-2	-3.330E-2	4.354E+0	3.200E-5	4.007E-6
0.000E+0	0.000E+0	3.975E+0	6.763E-2	3.433E-2	-3.330E-2	4.354E+0	3.274E-5	4.009E-6
0.000E+0	0.000E+0	4.000E+0	6.788E-2	3.414E-2	-3.374E-2	4.354E+0	3.300E-5	4.008E-6
0.000E+0	0.000E+0	4.025E+0	6.866E-2	3.467E-2	-3.399E-2	4.354E+0	3.378E-5	4.007E-6
0.000E+0	0.000E+0	4.050E+0	6.935E-2	3.502E-2	-3.433E-2	4.354E+0	3.440E-5	4.004E-6
0.000E+0	0.000E+0	4.075E+0	7.004E-2	3.536E-2	-3.467E-2	4.354E+0	3.506E-5	4.008E-6
0.000E+0	0.000E+0	4.100E+0	7.107E-2	3.605E-2	-3.502E-2	4.354E+0	3.571E-5	4.008E-6
0.000E+0	0.000E+0	4.125E+0	7.141E-2	3.605E-2	-3.536E-2	4.354E+0	3.623E-5	4.010E-6
0.000E+0	0.000E+0	4.150E+0	7.175E-2	3.639E-2	-3.536E-2	4.354E+0	3.665E-5	4.008E-6
0.000E+0	0.000E+0	4.175E+0	7.210E-2	3.673E-2	-3.536E-2	4.354E+0	3.683E-5	4.007E-6
0.000E+0	0.000E+0	4.200E+0	7.210E-2	3.639E-2	-3.570E-2	4.354E+0	3.700E-5	4.006E-6
0.000E+0	0.000E+0	4.225E+0	7.210E-2	3.673E-2	-3.536E-2	4.354E+0	3.735E-5	4.009E-6
0.000E+0	0.000E+0	4.250E+0	7.313E-2	3.708E-2	-3.605E-2	4.354E+0	3.783E-5	4.008E-6
0.000E+0	0.000E+0	4.275E+0	7.278E-2	3.708E-2	-3.570E-2	4.354E+0	3.817E-5	4.009E-6
0.000E+0	0.000E+0	4.300E+0	7.313E-2	3.742E-2	-3.570E-2	4.354E+0	3.824E-5	4.011E-6
0.000E+0	0.000E+0	4.325E+0	7.286E-2	3.700E-2	-3.586E-2	4.354E+0	3.788E-5	4.010E-6
0.000E+0	0.000E+0	4.350E+0	7.278E-2	3.708E-2	-3.570E-2	4.354E+0	3.796E-5	4.005E-6
0.000E+0	0.000E+0	4.375E+0	7.313E-2	3.673E-2	-3.639E-2	4.354E+0	3.802E-5	4.007E-6
0.000E+0	0.000E+0	4.400E+0	7.248E-2	3.700E-2	-3.548E-2	4.354E+0	3.773E-5	4.006E-6
0.000E+0	0.000E+0	4.425E+0	7.313E-2	3.708E-2	-3.605E-2	4.355E+0	3.812E-5	4.006E-6
0.000E+0	0.000E+0	4.450E+0	7.278E-2	3.708E-2	-3.570E-2	4.354E+0	3.805E-5	4.009E-6
0.000E+0	0.000E+0	4.475E+0	7.210E-2	3.662E-2	-3.548E-2	4.354E+0	3.754E-5	4.008E-6
0.000E+0	0.000E+0	4.500E+0	7.244E-2	3.673E-2	-3.570E-2	4.354E+0	3.738E-5	4.009E-6
0.000E+0	0.000E+0	4.525E+0	7.210E-2	3.639E-2	-3.570E-2	4.354E+0	3.696E-5	4.005E-6
0.000E+0	0.000E+0	4.550E+0	7.210E-2	3.639E-2	-3.570E-2	4.354E+0	3.665E-5	4.003E-6
0.000E+0	0.000E+0	4.575E+0	7.107E-2	3.639E-2	-3.467E-2	4.354E+0	3.653E-5	4.007E-6
0.000E+0	0.000E+0	4.600E+0	7.107E-2	3.605E-2	-3.502E-2	4.355E+0	3.617E-5	4.007E-6
0.000E+0	0.000E+0	4.625E+0	7.107E-2	3.605E-2	-3.502E-2	4.354E+0	3.572E-5	4.005E-6
0.000E+0	0.000E+0	4.650E+0	7.038E-2	3.570E-2	-3.467E-2	4.354E+0	3.525E-5	4.005E-6
0.000E+0	0.000E+0	4.675E+0	6.969E-2	3.570E-2	-3.399E-2	4.354E+0	3.463E-5	4.001E-6
0.000E+0	0.000E+0	4.700E+0	6.901E-2	3.502E-2	-3.399E-2	4.354E+0	3.398E-5	3.999E-6
0.000E+0	0.000E+0	4.725E+0	6.901E-2	3.502E-2	-3.399E-2	4.354E+0	3.360E-5	4.003E-6
0.000E+0	0.000E+0	4.750E+0	6.798E-2	3.467E-2	-3.330E-2	4.354E+0	3.311E-5	4.001E-6
0.000E+0	0.000E+0	4.775E+0	6.763E-2	3.433E-2	-3.330E-2	4.354E+0	3.249E-5	4.000E-6
0.000E+0	0.000E+0	4.800E+0	6.623E-2	3.388E-2	-3.235E-2	4.354E+0	3.162E-5	4.003E-6
0.000E+0	0.000E+0	4.825E+0	6.562E-2	3.327E-2	-3.235E-2	4.354E+0	3.091E-5	3.998E-6
0.000E+0	0.000E+0	4.850E+0	6.500E-2	3.327E-2	-3.174E-2	4.354E+0	3.022E-5	4.002E-6
0.000E+0	0.000E+0	4.875E+0	6.470E-2	3.296E-2	-3.174E-2	4.354E+0	2.961E-5	3.997E-6
0.000E+0	0.000E+0	4.900E+0	6.378E-2	3.235E-2	-3.143E-2	4.354E+0	2.887E-5	3.995E-6
0.000E+0	0.000E+0	4.925E+0	6.348E-2	3.235E-2	-3.113E-2	4.354E+0	2.841E-5	4.007E-6
0.000E+0	0.000E+0	4.950E+0	6.226E-2	3.174E-2	-3.052E-2	4.354E+0	2.767E-5	3.998E-6
0.000E+0	0.000E+0	4.975E+0	6.165E-2	3.113E-2	-3.052E-2	4.354E+0	2.689E-5	3.989E-6
0.000E+0	0.000E+0	5.000E+0	6.073E-2	3.113E-2	-2.960E-2	4.354E+0	2.615E-5	3.997E-6
0.000E+0	0.000E+0	5.025E+0	6.035E-2	3.071E-2	-2.964E-2	4.354E+0	2.543E-5	3.990E-6
0.000E+0	0.000E+0	5.050E+0	5.955E-2	3.017E-2	-2.937E-2	4.354E+0	2.470E-5	3.981E-6
0.000E+0	0.000E+0	5.075E+0	5.821E-2	2.937E-2	-2.884E-2	4.354E+0	2.415E-5	3.993E-6
0.000E+0	0.000E+0	5.100E+0	5.795E-2	2.937E-2	-2.857E-2	4.354E+0	2.341E-5	3.985E-6
0.000E+0	0.000E+0	5.125E+0	5.688E-2	2.884E-2	-2.804E-2	4.354E+0	2.262E-5	3.946E-6
0.000E+0	0.000E+0	5.150E+0	5.554E-2	2.804E-2	-2.750E-2	4.354E+0	2.193E-5	3.989E-6
0.000E+0	0.000E+0	5.175E+0	5.501E-2	2.777E-2	-2.724E-2	4.354E+0	2.111E-5	3.941E-6
0.000E+0	0.000E+0	5.200E+0	5.421E-2	2.697E-2	-2.724E-2	4.354E+0	2.038E-5	3.923E-6
0.000E+0	0.000E+0	5.225E+0	5.287E-2	2.644E-2	-2.644E-2	4.354E+0	1.983E-5	3.971E-6
0.000E+0	0.000E+0	5.250E+0	5.234E-2	2.670E-2	-2.564E-2	4.354E+0	1.914E-5	3.934E-6
0.000E+0	0.000E+0	5.275E+0	5.173E-2	2.632E-2	-2.541E-2	4.354E+0	1.856E-5	3.953E-6
0.000E+0	0.000E+0	5.300E+0	5.012E-2	2.518E-2	-2.495E-2	4.354E+0	1.782E-5	3.940E-6
0.000E+0	0.000E+0	5.325E+0	4.898E-2	2.472E-2	-2.426E-2	4.353E+0	1.708E-5	3.927E-6
0.000E+0	0.000E+0	5.350E+0	4.829E-2	2.426E-2	-2.403E-2	4.354E+0	1.643E-5	3.942E-6
0.000E+0	0.000E+0	5.375E+0	4.806E-2	2.426E-2	-2.380E-2	4.354E+0	1.578E-5	3.928E-6
0.000E+0	0.000E+0	5.400E+0	4.669E-2	2.335E-2	-2.335E-2	4.354E+0	1.520E-5	3.929E-6
0.000E+0	0.000E+0	5.425E+0	4.646E-2	2.335E-2	-2.312E-2	4.354E+0	1.464E-5	3.990E-6
0.000E+0	0.000E+0	5.450E+0	4.486E-2	2.243E-2	-2.243E-2	4.354E+0	1.399E-5	3.983E-6
0.000E+0	0.000E+0	5.475E+0	4.369E-2	2.197E-2	-2.171E-2	4.353E+0	1.328E-5	3.976E-6
0.000E+0	0.000E+0	5.500E+0	4.264E-2	2.119E-2	-2.145E-2	4.353E+0	1.273E-5	3.939E-6
0.000E+0	0.000E+0	5.525E+0	4.185E-2	2.093E-2	-2.093E-2	4.354E+0	1.215E-5	3.926E-6
0.000E+0	0.000E+0	5.550E+0	4.158E-2	2.098E-2	-2.060E-2	4.354E+0	1.168E-5	3.978E-6
0.000E+0	0.000E+0	5.575E+0	4.006E-2	2.003E-2	-2.003E-2	4.354E+0	1.120E-5	3.986E-6
0.000E+0	0.000E+0	5.600E+0	3.949E-2	1.984E-2	-1.965E-2	4.354E+0	1.068E-5	3.995E-6
0.000E+0	0.000E+0	5.625E+0	3.834E-2	1.927E-2	-1.908E-2	4.353E+0	1.018E-5	3.996E-6
0.000E+0	0.000E+0	5.650E+0	3.758E-2	1.888E-2	-1.869E-2	4.353E+0	9.672E-6	3.992E-6
0.000E+0	0.000E+0	5.675E+0	3.681E-2	1.850E-2	-1.831E-2	4.353E+0	9.127E-6	3.983E-6
0.000E+0	0.000E+0	5.700E+0	3.567E-2	1.793E-2	-1.774E-2	4.353E+0	8.683E-6	3.986E-6
0.000E+0	0.000E+0	5.725E+0	3.453E-2	1.717E-2	-1.736E-2	4.353E+0	8.258E-6	3.995E-6
0.000E+0	0.000E+0	5.750E+0	3.357E-2	1.679E-2	-1.679E-2	4.353E+0	7.844E-6	3.993E-6
0.000E+0	0.000E+0	5.775E+0	3.296E-2	1.663E-2	-1.633E-2	4.353E+0	7.427E-6	4.004E-6
0.000E+0	0.000E+0	5.800E+0	3.235E-2	1.633E-2	-1.602E-2	4.353E+0	7.000E-6	4.005E-6
0.000E+0	0.000E+0	5.825E+0	3.159E-2	1.572E-2	-1.587E-2	4.353E+0	6.611E-6	3.999E-6
0.000E+0	0.000E+0	5.850E+0	3.034E-2	1.500E-2	-1.534E-2	4.353E+0	6.271E-6	3.998E-6
0.000E+0	0.000E+0	5.875E+0	2.960E-2	1.480E-2	-1.480E-2	4.353E+0	5.872E-6	4.001E-6
0.000E+0	0.000E+0	5.900E+0	2.877E-2	1.430E-2	-1.447E-2	4.353E+0	5.573E-6	4.002E-6
0.000E+0	0.000E+0	5.925E+0	2.842E-2	1.395E-2	-1.447E-2	4.353E+0	5.255E-6	4.012E-6
0.000E+0	0.000E+0	5.950E+0	2.735E-2	1.373E-2	-1.362E-2	4.353E+0	4.887E-6	4.011E-6
0.000E+0	0.000E+0	5.975E+0	2.666E-2	1.350E-2	-1.316E-2	4.353E+0	4.616E-6	4.010E-6
0.000E+0	0.000E+0	6.000E+0	2.552E-2	1.247E-2	-1.305E-2	4.353E+0	4.332E-6	4.010E-6
0.000E+0	0.000E+0	6.025E+0	2.460E-2	1.236E-2	-1.224E-2	4.353E+0	4.040E-6	4.006E-6
0.000E+0	0.000E+0	6.050E+0	2.495E-2	1.202E-2	-1.293E-2	4.353E+0	3.794E-6	4.008E-6
0.000E+0	0.000E+0	6.075E+0	2.323E-2	1.167E-2	-1.156E-2	4.353E+0	3.551E-6	4.017E-6
0.000E+0	0.000E+0	6.100E+0	2.277E-2	1.144E-2	-1.133E-2	4.353E+0	3.321E-6	4.021E-6
0.000E+0	0.000E+0	6.125E+0	2.151E-2	1.053E-2	-1.099E-2	4.353E+0	3.085E-6	4.018E-6
0.000E+0	0.000E+0	6.150E+0	2.106E-2	1.053E-2	-1.053E-2	4.353E+0	2.867E-6	4.024E-6
0.000E+0	0.000E+0	6.175E+0	2.040E-2	1.007E-2	-1.033E-2	4.352E+0	2.678E-6	4.024E-6
0.000E+0	0.000E+0	6.200E+0	9.900E+37	9.611E-3	9.900E+37	4.353E+0	2.508E-6	4.021E-6
0.000E+0	0.000E+0	6.225E+0	9.900E+37	9.230E-3	9.900E+37	4.353E+0	2.328E-6	4.029E-6
0.000E+0	0.000E+0	6.250E+0	1.846E-2	9.230E-3	-9.230E-3	4.353E+0	2.167E-6	4.039E-6
0.000E+0	0.000E+0	6.275E+0	1.793E-2	8.620E-3	-9.306E-3	4.353E+0	2.005E-6	4.075E-6
0.000E+0	0.000E+0	6.300E+0	1.739E-2	8.543E-3	-8.849E-3	4.352E+0	1.852E-6	4.096E-6
0.000E+0	0.000E+0	6.325E+0	1.640E-2	8.162E-3	-8.238E-3	4.352E+0	1.709E-6	4.047E-6
0.000E+0	0.000E+0	6.350E+0	1.625E-2	7.781E-3	-8.467E-3	4.353E+0	1.582E-6	4.044E-6
0.000E+0	0.000E+0	6.375E+0	1.564E-2	7.628E-3	-8.010E-3	4.353E+0	1.453E-6	4.097E-6
0.000E+0	0.000E+0	6.400E+0	1.518E-2	7.170E-3	-8.010E-3	4.353E+0	1.340E-6	4.118E-6
0.000E+0	0.000E+0	6.425E+0	1.449E-2	6.942E-3	-7.552E-3	4.352E+0	1.226E-6	4.125E-6
0.000E+0	0.000E+0	6.450E+0	1.388E-2	6.942E-3	-6.942E-3	4.353E+0	1.129E-6	4.116E-6
0.000E+0	0.000E+0	6.475E+0	1.365E-2	6.484E-3	-7.170E-3	4.353E+0	1.034E-6	4.126E-6
0.000E+0	0.000E+0	6.500E+0	1.259E-2	6.103E-3	-6.484E-3	4.352E+0	9.452E-7	4.119E-6
0.000E+0	0.000E+0	6.525E+0	1.228E-2	5.874E-3	-6.408E-3	4.353E+0	8.724E-7	4.129E-6
0.000E+0	0.000E+0	6.550E+0	1.159E-2	5.645E-3	-5.950E-3	4.353E+0	7.993E-7	4.131E-6
0.000E+0	0.000E+0	6.575E+0	1.137E-2	5.340E-3	-6.026E-3	4.353E+0	7.232E-7	4.134E-6
0.000E+0	0.000E+0	6.600E+0	1.114E-2	4.958E-3	-6.179E-3	4.354E+0	6.647E-7	4.132E-6
0.000E+0	0.000E+0	6.625E+0	1.022E-2	4.958E-3	-5.263E-3	4.353E+0	6.046E-7	4.137E-6
0.000E+0	0.000E+0	6.650E+0	1.037E-2	4.882E-3	-5.492E-3	4.354E+0	5.516E-7	4.123E-6
0.000E+0	0.000E+0	6.675E+0	9.678E-3	4.708E-3	-4.970E-3	4.354E+0	5.008E-7	4.121E-6
0.000E+0	0.000E+0	6.700E+0	9.383E-3	4.424E-3	-4.958E-3	4.354E+0	4.629E-7	4.114E-6
0.000E+0	0.000E+0	6.725E+0	8.806E-3	4.272E-3	-4.534E-3	4.354E+0	4.214E-7	4.133E-6
0.000E+0	0.000E+0	6.750E+0	9.900E+37	3.663E-3	9.900E+37	4.355E+0	3.830E-7	4.124E-6
0.000E+0	0.000E+0	6.775E+0	9.900E+37	3.358E-3	9.900E+37	4.355E+0	3.538E-7	4.127E-6
0.000E+0	0.000E+0	6.800E+0	9.900E+37	3.281E-3	9.900E+37	4.355E+0	3.198E-7	4.124E-6
0.000E+0	0.000E+0	6.825E+0	8.165E-3	3.434E-3	-4.731E-3	4.356E+0	3.079E-7	4.035E-6
0.000E+0	0.000E+0	6.850E+0	7.708E-3	3.129E-3	-4.579E-3	4.356E+0	2.832E-7	4.039E-6
0.000E+0	0.000E+0	6.875E+0	7.937E-3	3.205E-3	-4.731E-3	4.356E+0	2.652E-7	4.027E-6
0.000E+0	0.000E+0	6.900E+0	7.326E-3	3.129E-3	-4.197E-3	4.357E+0	2.518E-7	4.047E-6
0.000E+0	0.000E+0	6.925E+0	7.173E-3	2.976E-3	-4.197E-3	4.357E+0	2.394E-7	4.024E-6
0.000E+0	0.000E+0	6.950E+0	7.402E-3	3.129E-3	-4.273E-3	4.357E+0	2.309E-7	3.999E-6
0.000E+0	0.000E+0	6.975E+0	6.944E-3	2.976E-3	-3.968E-3	4.358E+0	2.251E-7	3.976E-6
0.000E+0	0.000E+0	7.000E+0	7.097E-3	2.900E-3	-4.197E-3	4.357E+0	2.194E-7	3.988E-6
0.000E+0	0.000E+0	7.025E+0	6.944E-3	2.824E-3	-4.121E-3	4.357E+0	2.161E-7	3.915E-6
0.000E+0	0.000E+0	7.050E+0	6.868E-3	2.671E-3	-4.197E-3	4.357E+0	2.151E-7	3.922E-6
0.000E+0	0.000E+0	7.075E+0	6.868E-3	2.824E-3	-4.045E-3	4.357E+0	2.149E-7	3.899E-6
0.000E+0	0.000E+0	7.100E+0	7.402E-3	3.281E-3	-4.121E-3	4.358E+0	2.168E-7	3.881E-6
0.000E+0	0.000E+0	7.125E+0	7.402E-3	3.129E-3	-4.273E-3	4.356E+0	2.212E-7	3.943E-6
0.000E+0	0.000E+0	7.150E+0	7.411E-3	3.487E-3	-3.923E-3	4.356E+0	2.242E-7	3.948E-6
0.000E+0	0.000E+0	7.175E+0	7.021E-3	2.747E-3	-4.273E-3	4.356E+0	2.270E-7	3.873E-6
0.000E+0	0.000E+0	7.200E+0	7.237E-3	3.313E-3	-3.923E-3	4.357E+0	2.376E-7	3.949E-6
0.000E+0	0.000E+0	7.225E+0	7.784E-3	3.281E-3	-4.502E-3	4.356E+0	2.441E-7	3.878E-6
0.000E+0	0.000E+0	7.250E+0	7.631E-3	2.976E-3	-4.655E-3	4.357E+0	2.537E-7	3.917E-6
0.000E+0	0.000E+0	7.275E+0	7.402E-3	2.976E-3	-4.426E-3	4.355E+0	2.639E-7	3.933E-6
0.000E+0	0.000E+0	7.300E+0	7.847E-3	3.662E-3	-4.185E-3	4.356E+0	2.741E-7	3.890E-6
0.000E+0	0.000E+0	7.325E+0	8.013E-3	3.205E-3	-4.808E-3	4.354E+0	2.827E-7	3.874E-6
0.000E+0	0.000E+0	7.350E+0	9.900E+37	3.358E-3	9.900E+37	4.354E+0	3.002E-7	3.888E-6
0.000E+0	0.000E+0	7.375E+0	8.471E-3	3.816E-3	-4.655E-3	4.355E+0	3.104E-7	3.886E-6
0.000E+0	0.000E+0	7.400E+0	9.900E+37	3.587E-3	9.900E+37	4.354E+0	3.211E-7	3.894E-6
0.000E+0	0.000E+0	7.425E+0	9.900E+37	3.663E-3	9.900E+37	4.355E+0	3.304E-7	3.893E-6
0.000E+0	0.000E+0	7.450E+0	9.900E+37	4.045E-3	9.900E+37	4.354E+0	3.448E-7	3.888E-6
0.000E+0	0.000E+0	7.475E+0	9.077E-3	4.348E-3	-4.729E-3	4.354E+0	3.614E-7	3.887E-6
0.000E+0	0.000E+0	7.500E+0	9.900E+37	3.892E-3	9.900E+37	4.354E+0	3.694E-7	3.900E-6
0.000E+0	0.000E+0	7.525E+0	9.900E+37	3.663E-3	9.900E+37	4.353E+0	3.788E-7	3.966E-6
0.000E+0	0.000E+0	7.550E+0	9.329E-3	4.272E-3	-5.057E-3	4.354E+0	3.958E-7	3.955E-6
0.000E+0	0.000E+0	7.575E+0	9.242E-3	4.447E-3	-4.795E-3	4.352E+0	4.101E-7	3.961E-6
0.000E+0	0.000E+0	7.600E+0	9.155E-3	4.272E-3	-4.883E-3	4.353E+0	4.232E-7	3.974E-6
0.000E+0	0.000E+0	7.625E+0	9.242E-3	4.534E-3	-4.708E-3	4.352E+0	4.369E-7	3.960E-6
0.000E+0	0.000E+0	7.650E+0	9.852E-3	4.970E-3	-4.883E-3	4.353E+0	4.515E-7	3.973E-6
0.000E+0	0.000E+0	7.675E+0	9.765E-3	4.708E-3	-5.057E-3	4.352E+0	4.636E-7	3.989E-6
0.000E+0	0.000E+0	7.700E+0	9.688E-3	4.424E-3	-5.263E-3	4.352E+0	4.798E-7	3.976E-6
0.000E+0	0.000E+0	7.725E+0	9.688E-3	4.729E-3	-4.958E-3	4.351E+0	4.915E-7	3.984E-6
0.000E+0	0.000E+0	7.750E+0	1.030E-2	4.882E-3	-5.416E-3	4.351E+0	5.091E-7	3.991E-6
0.000E+0	0.000E+0	7.775E+0	1.007E-2	4.729E-3	-5.340E-3	4.351E+0	5.232E-7	4.001E-6
0.000E+0	0.000E+0	7.800E+0	1.020E-2	4.883E-3	-5.318E-3	4.351E+0	5.228E-7	3.995E-6
0.000E+0	0.000E+0	7.825E+0	1.060E-2	4.958E-3	-5.645E-3	4.351E+0	5.451E-7	4.001E-6
0.000E+0	0.000E+0	7.850E+0	1.046E-2	5.144E-3	-5.318E-3	4.351E+0	5.532E-7	4.016E-6
0.000E+0	0.000E+0	7.875E+0	1.072E-2	4.970E-3	-5.754E-3	4.351E+0	5.562E-7	4.012E-6
0.000E+0	0.000E+0	7.900E+0	1.060E-2	4.882E-3	-5.721E-3	4.351E+0	5.813E-7	4.016E-6
0.000E+0	0.000E+0	7.925E+0	1.029E-2	4.970E-3	-5.318E-3	4.350E+0	5.835E-7	4.030E-6
0.000E+0	0.000E+0	7.950E+0	1.072E-2	5.144E-3	-5.580E-3	4.351E+0	5.970E-7	4.036E-6
0.000E+0	0.000E+0	7.975E+0	1.121E-2	5.416E-3	-5.797E-3	4.350E+0	6.107E-7	4.106E-6
0.000E+0	0.000E+0	8.000E+0	1.037E-2	5.111E-3	-5.263E-3	4.350E+0	6.193E-7	4.115E-6
