2.500E-9
-2.500E-6
-4.890E-4
-4.890E-4
-4.890E-4
-4.890E-4
-4.890E-4
-4.890E-4
-4.890E-4
-4.890E-4
-4.890E-4
-4.890E-4
-4.890E-4
-4.890E-4
-4.890E-4
-4.890E-4
-4.890E-4
-4.890E-4
-4.890E-4
-4.890E-4
-4.890E-4
-4.890E-4
-4.890E-4
-4.890E-4
-4.890E-4
-4.890E-4
-4.890E-4
-4.890E-4
-4.890E-4
-4.890E-4
-4.890E-4
-4.890E-4
-4.890E-4
-4.890E-4
-4.890E-4
-4.890E-4
-4.890E-4
-4.890E-4
-4.890E-4
-4.890E-4
-4.890E-4
-4.890E-4
-4.890E-4
-4.890E-4
-4.890E-4
-4.890E-4
-4.890E-4
-4.890E-4
-4.890E-4
-4.890E-4
-4.890E-4
-4.890E-4
-4.890E-4
-4.890E-4
-4.890E-4
-4.890E-4
-4.890E-4
-4.890E-4
-4.890E-4
-4.890E-4
-4.890E-4
-4.890E-4
-4.890E-4
-4.890E-4
-4.890E-4
-4.890E-4
-4.890E-4
-4.890E-4
-4.890E-4
-4.890E-4
-4.890E-4
-4.890E-4
-4.890E-4
-4.890E-4
-4.890E-4
-4.890E-4
-4.890E-4
-4.890E-4
-4.890E-4
-4.890E-4
-4.890E-4
-4.890E-4
-4.890E-4
-4.890E-4
-4.890E-4
-4.890E-4
-4.890E-4
-4.890E-4
-4.890E-4
-4.890E-4
-4.890E-4
-4.890E-4
-4.890E-4
-4.890E-4
-4.890E-4
-4.890E-4
-4.890E-4
-4.890E-4
-4.890E-4
-4.890E-4
-4.890E-4
-4.890E-4
-4.890E-4
-4.890E-4
-4.890E-4
-4.890E-4
-4.890E-4
-4.890E-4
-4.890E-4
-4.890E-4
-4.890E-4
-4.890E-4
-4.890E-4
-4.890E-4
-4.890E-4
-4.890E-4
-4.890E-4
-4.890E-4
-4.890E-4
-4.890E-4
-4.890E-4
-4.890E-4
-4.890E-4
-4.890E-4
-4.890E-4
-4.890E-4
-4.890E-4
-4.890E-4
-4.890E-4
-4.890E-4
-4.890E-4
-4.890E-4
-4.890E-4
-4.890E-4
-4.890E-4
-4.890E-4
-4.890E-4
-4.890E-4
-4.890E-4
-4.890E-4
-4.890E-4
-4.890E-4
-4.890E-4
-4.890E-4
-4.890E-4
-4.890E-4
-4.890E-4
-4.890E-4
-4.890E-4
-4.890E-4
-4.890E-4
-4.890E-4
-4.890E-4
-4.890E-4
-4.890E-4
-4.890E-4
-4.890E-4
-4.890E-4
-4.890E-4
-4.890E-4
-4.890E-4
-4.890E-4
-4.890E-4
-4.890E-4
-4.890E-4
-4.890E-4
-4.890E-4
-4.890E-4
-4.890E-4
-4.890E-4
-4.890E-4
-4.890E-4
-4.890E-4
-4.890E-4
-4.890E-4
-4.890E-4
-4.890E-4
-4.890E-4
-4.890E-4
-4.890E-4
-4.890E-4
-4.890E-4
-4.890E-4
-4.890E-4
-4.890E-4
-4.890E-4
-4.890E-4
-4.890E-4
-4.890E-4
-4.890E-4
-4.890E-4
-4.890E-4
-4.890E-4
-4.890E-4
-4.890E-4
-4.890E-4
-4.890E-4
-4.890E-4
-4.890E-4
-4.890E-4
-4.890E-4
-4.890E-4
-4.890E-4
-4.890E-4
-4.890E-4
-4.890E-4
-4.890E-4
-4.890E-4
-4.890E-4
-4.890E-4
-4.890E-4
-4.890E-4
-4.890E-4
-4.890E-4
-4.890E-4
-4.890E-4
-4.890E-4
-4.890E-4
-4.890E-4
-4.890E-4
-4.890E-4
-4.890E-4
-4.890E-4
-4.890E-4
-4.890E-4
-4.890E-4
-4.890E-4
-4.890E-4
-4.890E-4
-4.890E-4
-4.890E-4
-4.890E-4
-4.890E-4
-4.890E-4
-4.890E-4
-4.890E-4
-4.890E-4
-4.890E-4
-4.890E-4
-4.890E-4
-4.890E-4
-4.890E-4
-4.890E-4
-4.890E-4
-4.890E-4
-4.890E-4
-4.890E-4
-4.890E-4
-4.890E-4
-4.890E-4
-4.890E-4
-4.890E-4
-4.890E-4
-4.890E-4
-4.890E-4
-4.890E-4
-4.890E-4
-4.890E-4
-4.890E-4
-4.890E-4
-4.890E-4
-4.890E-4
-4.890E-4
-4.890E-4
-4.890E-4
-4.890E-4
-4.890E-4
-4.890E-4
-4.890E-4
-4.890E-4
-4.890E-4
-4.890E-4
-4.890E-4
-4.890E-4
-4.890E-4
-4.890E-4
-4.890E-4
-4.890E-4
-4.890E-4
-4.890E-4
-4.890E-4
-4.890E-4
-4.890E-4
-4.890E-4
-4.890E-4
-4.890E-4
-4.890E-4
-4.890E-4
-4.890E-4
-4.890E-4
-4.890E-4
-4.890E-4
-4.890E-4
-4.890E-4
-4.890E-4
-4.890E-4
-4.890E-4
-4.890E-4
-4.890E-4
-4.890E-4
-4.890E-4
-4.890E-4
-4.890E-4
-4.890E-4
-4.890E-4
-4.890E-4
-4.890E-4
-4.890E-4
-4.890E-4
-4.890E-4
-4.890E-4
-4.890E-4
-4.890E-4
-4.890E-4
-4.890E-4
-4.890E-4
-4.890E-4
-4.890E-4
-4.890E-4
-4.890E-4
-4.890E-4
-4.890E-4
-4.890E-4
-4.890E-4
-4.890E-4
-4.890E-4
-4.890E-4
-4.890E-4
-4.890E-4
-4.890E-4
-4.890E-4
-4.890E-4
-4.890E-4
-4.890E-4
-4.890E-4
-4.890E-4
-4.890E-4
-4.890E-4
-4.890E-4
-4.890E-4
-4.890E-4
-4.890E-4
-4.890E-4
-4.890E-4
-4.890E-4
-4.890E-4
-4.890E-4
-4.890E-4
-4.890E-4
-4.890E-4
-4.890E-4
-4.890E-4
-4.890E-4
-4.890E-4
-4.890E-4
-4.890E-4
-4.890E-4
-4.890E-4
-4.890E-4
-4.890E-4
-4.890E-4
-4.890E-4
-4.890E-4
-4.890E-4
-4.890E-4
-4.890E-4
-4.890E-4
-4.890E-4
-4.890E-4
-4.890E-4
-4.890E-4
-4.890E-4
-4.890E-4
-4.890E-4
-4.890E-4
-4.890E-4
-4.890E-4
-4.890E-4
-4.890E-4
-4.890E-4
-4.890E-4
-4.890E-4
-4.890E-4
-4.890E-4
-4.890E-4
-4.890E-4
-4.890E-4
-4.890E-4
-4.890E-4
-4.890E-4
-4.890E-4
-4.890E-4
-4.890E-4
-4.890E-4
-4.890E-4
-4.890E-4
-4.890E-4
-4.890E-4
-4.890E-4
-4.890E-4
-4.890E-4
-4.890E-4
-4.890E-4
-4.890E-4
-4.890E-4
-4.890E-4
-4.890E-4
-4.890E-4
-4.890E-4
-4.890E-4
-4.890E-4
-4.890E-4
-4.890E-4
-4.890E-4
-4.890E-4
-4.890E-4
-4.890E-4
-4.890E-4
-4.890E-4
-4.890E-4
-4.890E-4
-4.890E-4
-4.890E-4
-4.890E-4
-4.890E-4
-4.890E-4
-4.890E-4
-4.890E-4
-4.890E-4
-4.890E-4
-4.890E-4
-4.890E-4
-4.890E-4
-4.890E-4
-4.890E-4
-4.890E-4
-4.890E-4
-4.890E-4
-4.890E-4
-4.890E-4
-4.890E-4
-4.890E-4
-4.890E-4
-4.890E-4
-4.890E-4
-4.890E-4
-4.890E-4
-4.890E-4
-4.890E-4
-4.890E-4
-4.890E-4
-4.890E-4
-4.890E-4
-4.890E-4
-4.890E-4
-4.890E-4
-4.890E-4
-4.890E-4
-4.890E-4
-4.890E-4
-4.890E-4
-4.890E-4
-4.890E-4
-4.890E-4
-4.890E-4
-4.890E-4
-4.890E-4
-4.890E-4
-4.890E-4
-4.890E-4
-4.890E-4
-4.890E-4
-4.890E-4
-4.890E-4
-4.890E-4
-4.890E-4
-4.890E-4
-4.890E-4
-4.890E-4
-4.890E-4
-4.890E-4
-4.890E-4
-4.890E-4
-4.890E-4
-4.890E-4
-4.890E-4
-4.890E-4
-4.890E-4
-4.890E-4
-4.890E-4
-4.890E-4
-4.890E-4
-4.890E-4
-4.890E-4
-4.890E-4
-4.890E-4
-4.890E-4
-4.890E-4
-4.890E-4
-4.890E-4
-4.890E-4
-4.890E-4
-4.890E-4
-4.890E-4
-4.890E-4
-4.890E-4
-4.890E-4
-4.890E-4
-4.890E-4
-4.890E-4
-4.890E-4
-4.890E-4
-4.890E-4
-4.890E-4
-4.890E-4
-4.890E-4
-4.890E-4
-4.890E-4
-4.890E-4
-4.890E-4
-4.890E-4
-4.890E-4
-4.890E-4
-4.890E-4
-4.890E-4
-4.890E-4
-4.890E-4
-4.890E-4
-4.890E-4
-4.890E-4
-4.890E-4
-4.890E-4
-4.890E-4
-4.890E-4
-4.890E-4
-4.890E-4
-4.890E-4
-4.890E-4
-4.890E-4
-4.890E-4
-4.890E-4
-4.890E-4
-4.890E-4
-4.890E-4
-4.890E-4
-4.890E-4
-4.890E-4
-4.890E-4
-4.890E-4
-4.890E-4
-4.890E-4
-4.890E-4
-4.890E-4
-4.890E-4
-4.890E-4
-4.890E-4
-4.890E-4
-4.890E-4
-4.890E-4
-4.890E-4
-4.890E-4
-4.890E-4
-4.890E-4
-4.890E-4
-4.890E-4
-4.890E-4
-4.890E-4
-4.890E-4
-4.890E-4
-4.890E-4
-4.890E-4
-4.890E-4
-4.890E-4
-4.890E-4
-4.890E-4
-4.890E-4
-4.890E-4
-4.890E-4
-4.890E-4
-4.890E-4
-4.890E-4
-4.890E-4
-4.890E-4
-4.890E-4
-4.890E-4
-4.890E-4
-4.890E-4
-4.890E-4
-4.890E-4
-4.890E-4
-4.890E-4
-4.890E-4
-4.890E-4
-4.890E-4
-4.890E-4
-4.890E-4
-4.890E-4
-4.890E-4
-4.890E-4
-4.890E-4
-4.890E-4
-4.890E-4
-4.890E-4
-4.890E-4
-4.890E-4
-4.890E-4
-4.890E-4
-4.890E-4
-4.890E-4
-4.890E-4
-4.890E-4
-4.890E-4
-4.890E-4
-4.890E-4
-4.890E-4
-4.890E-4
-4.890E-4
-4.890E-4
-4.890E-4
-4.890E-4
-4.890E-4
-4.890E-4
-4.890E-4
-4.890E-4
-4.890E-4
-4.890E-4
-4.890E-4
-4.890E-4
-4.890E-4
-4.890E-4
-4.890E-4
-4.890E-4
-4.890E-4
-4.890E-4
-4.890E-4
-4.890E-4
-4.890E-4
-4.890E-4
-4.890E-4
-4.890E-4
-4.890E-4
-4.890E-4
-4.890E-4
-4.890E-4
-4.890E-4
-4.890E-4
-4.890E-4
-4.890E-4
-4.890E-4
-4.890E-4
-4.890E-4
-4.890E-4
-4.890E-4
-4.890E-4
-4.890E-4
-4.890E-4
-4.890E-4
-4.890E-4
-4.890E-4
-4.890E-4
-4.890E-4
-4.890E-4
-4.890E-4
-4.890E-4
-4.890E-4
-4.890E-4
-4.890E-4
-4.890E-4
-4.890E-4
-4.890E-4
-4.890E-4
-4.890E-4
-4.890E-4
-4.890E-4
-4.890E-4
-4.890E-4
-4.890E-4
-4.890E-4
-4.890E-4
-4.890E-4
-4.890E-4
-4.890E-4
-4.890E-4
-4.890E-4
-4.890E-4
-4.890E-4
-4.890E-4
-4.890E-4
-4.890E-4
-4.890E-4
-4.890E-4
-4.890E-4
-4.890E-4
-4.890E-4
-4.890E-4
-4.890E-4
-4.890E-4
-4.890E-4
-4.890E-4
-4.890E-4
-4.890E-4
-4.890E-4
-4.890E-4
-4.890E-4
-4.890E-4
-4.890E-4
-4.890E-4
-4.890E-4
-4.890E-4
-4.890E-4
-4.890E-4
-4.890E-4
-4.890E-4
-4.890E-4
-4.890E-4
-4.890E-4
-4.890E-4
-4.890E-4
-4.890E-4
-4.890E-4
-4.890E-4
-4.890E-4
-4.890E-4
-4.890E-4
-4.890E-4
-4.890E-4
-4.890E-4
-4.890E-4
-4.890E-4
-4.890E-4
-4.890E-4
-4.890E-4
-4.890E-4
-4.890E-4
-4.890E-4
-4.890E-4
-4.890E-4
-4.890E-4
-4.890E-4
-4.890E-4
-4.890E-4
-4.890E-4
-4.890E-4
-4.890E-4
-4.890E-4
-4.890E-4
-4.890E-4
-4.890E-4
-4.890E-4
-4.890E-4
-4.890E-4
-4.890E-4
-4.890E-4
-4.890E-4
-4.890E-4
-4.890E-4
-4.890E-4
-4.890E-4
-4.890E-4
-4.890E-4
-4.890E-4
-4.890E-4
-4.890E-4
-4.890E-4
-4.890E-4
-4.890E-4
-4.890E-4
-4.890E-4
-4.890E-4
-4.890E-4
-4.890E-4
-4.890E-4
-4.890E-4
-4.890E-4
-4.890E-4
-4.890E-4
-4.890E-4
-4.890E-4
-4.890E-4
-4.890E-4
-4.890E-4
-4.890E-4
-4.890E-4
-4.890E-4
-4.890E-4
-4.890E-4
-4.890E-4
-4.890E-4
-4.890E-4
-4.890E-4
-4.890E-4
-4.890E-4
-4.890E-4
-4.890E-4
-4.890E-4
-4.890E-4
-4.890E-4
-4.890E-4
-4.890E-4
-4.890E-4
-4.890E-4
-4.890E-4
-4.890E-4
-4.890E-4
-4.890E-4
-4.890E-4
-4.890E-4
-4.890E-4
-4.890E-4
-4.890E-4
-4.890E-4
-4.890E-4
-4.890E-4
-4.890E-4
-4.890E-4
-4.890E-4
-4.890E-4
-4.890E-4
-4.890E-4
-4.890E-4
-4.890E-4
-4.890E-4
-4.890E-4
-4.890E-4
-4.890E-4
-4.890E-4
-4.890E-4
-4.890E-4
-4.890E-4
-4.890E-4
-4.890E-4
-4.890E-4
-4.890E-4
-4.890E-4
-4.890E-4
-4.890E-4
-4.890E-4
-4.890E-4
-4.890E-4
-4.890E-4
-4.890E-4
-4.890E-4
-4.890E-4
-4.890E-4
-4.890E-4
-4.890E-4
-4.890E-4
-4.890E-4
-4.890E-4
-4.890E-4
-4.890E-4
-4.890E-4
-4.890E-4
-4.890E-4
-4.890E-4
-4.890E-4
-4.890E-4
-4.890E-4
-4.890E-4
-4.890E-4
-4.890E-4
-4.890E-4
-4.890E-4
-4.890E-4
-4.890E-4
-4.890E-4
-4.890E-4
-4.890E-4
-4.890E-4
-4.890E-4
-4.890E-4
-4.890E-4
-4.890E-4
-4.890E-4
-4.890E-4
-4.890E-4
-4.890E-4
-4.890E-4
-4.890E-4
-4.890E-4
-4.890E-4
-4.890E-4
-4.890E-4
-4.890E-4
-4.890E-4
-4.890E-4
-4.890E-4
-4.890E-4
-4.890E-4
-4.890E-4
-4.890E-4
-4.890E-4
-4.890E-4
-4.890E-4
-4.890E-4
-4.890E-4
-4.890E-4
-4.890E-4
-4.890E-4
-4.890E-4
-4.890E-4
-4.890E-4
-4.890E-4
-4.890E-4
-4.890E-4
-4.890E-4
-4.890E-4
-4.890E-4
-4.890E-4
-4.890E-4
-4.890E-4
-4.890E-4
-4.890E-4
-4.890E-4
-4.890E-4
-4.890E-4
-4.890E-4
-4.890E-4
-4.890E-4
-4.890E-4
-4.890E-4
-4.890E-4
-4.890E-4
-4.890E-4
-4.890E-4
-4.890E-4
-4.890E-4
-4.890E-4
-4.890E-4
-4.890E-4
-4.890E-4
-4.890E-4
-4.890E-4
-4.890E-4
-4.890E-4
-4.890E-4
-4.890E-4
-4.890E-4
-4.890E-4
-4.890E-4
-4.890E-4
-4.890E-4
-4.890E-4
-4.890E-4
-4.890E-4
-4.890E-4
-4.890E-4
-4.890E-4
-4.890E-4
-4.890E-4
-4.890E-4
-4.890E-4
-4.890E-4
-4.890E-4
-4.890E-4
-4.890E-4
-4.890E-4
-4.890E-4
-4.890E-4
-4.890E-4
-4.890E-4
-4.890E-4
-4.890E-4
-4.890E-4
-4.890E-4
-4.890E-4
-4.890E-4
-4.890E-4
-4.890E-4
-4.890E-4
-4.890E-4
-4.890E-4
-4.890E-4
-4.890E-4
-4.890E-4
-4.890E-4
-4.890E-4
-4.890E-4
-4.890E-4
-4.890E-4
-4.890E-4
-4.890E-4
-4.890E-4
-4.890E-4
-4.890E-4
-4.890E-4
-4.890E-4
-4.890E-4
-4.890E-4
-4.890E-4
-4.890E-4
-4.890E-4
-4.890E-4
4.293E-2
6.464E-2
1.949E-1
2.166E-1
3.686E-1
3.903E-1
5.206E-1
5.423E-1
6.725E-1
6.943E-1
8.245E-1
8.462E-1
9.982E-1
1.020E+0
1.128E+0
1.150E+0
1.259E+0
1.280E+0
1.389E+0
1.411E+0
1.476E+0
1.498E+0
1.584E+0
1.606E+0
1.650E+0
1.671E+0
1.736E+0
1.758E+0
1.780E+0
1.802E+0
1.802E+0
1.823E+0
1.823E+0
1.845E+0
1.845E+0
1.845E+0
1.845E+0
1.845E+0
1.802E+0
1.802E+0
1.736E+0
1.736E+0
1.671E+0
1.671E+0
1.606E+0
1.606E+0
1.519E+0
1.519E+0
1.389E+0
1.389E+0
1.280E+0
1.280E+0
1.150E+0
1.150E+0
9.982E-1
9.982E-1
8.462E-1
8.462E-1
6.943E-1
6.943E-1
5.423E-1
5.423E-1
3.686E-1
3.686E-1
1.949E-1
1.949E-1
2.122E-2
2.122E-2
-1.525E-1
-1.525E-1
-3.262E-1
-3.262E-1
-4.781E-1
-4.781E-1
-6.301E-1
-6.301E-1
-8.038E-1
-8.038E-1
-9.558E-1
-9.558E-1
-1.108E+0
-1.108E+0
-1.238E+0
-1.238E+0
-1.368E+0
-1.368E+0
-1.477E+0
-1.477E+0
-1.564E+0
-1.564E+0
-1.651E+0
-1.651E+0
-1.737E+0
-1.737E+0
-1.759E+0
-1.759E+0
-1.802E+0
-1.802E+0
-1.824E+0
-1.824E+0
-1.824E+0
-1.824E+0
-1.824E+0
-1.824E+0
-1.824E+0
-1.802E+0
-1.781E+0
-1.759E+0
-1.737E+0
-1.716E+0
-1.672E+0
-1.651E+0
-1.585E+0
-1.564E+0
-1.477E+0
-1.455E+0
-1.368E+0
-1.347E+0
-1.238E+0
-1.216E+0
-1.108E+0
-1.086E+0
-9.558E-1
-9.341E-1
-8.038E-1
-7.821E-1
-6.301E-1
-6.084E-1
-4.564E-1
-4.347E-1
-3.044E-1
-2.827E-1
-1.308E-1
-1.090E-1
-8.733E-2
-6.562E-2
-4.391E-2
-2.220E-2
-2.220E-2
-4.890E-4
-4.890E-4
-4.890E-4
-4.890E-4
-4.890E-4
-4.890E-4
-4.890E-4
-4.890E-4
-4.890E-4
-4.890E-4
-4.890E-4
-4.890E-4
-4.890E-4
-4.890E-4
-4.890E-4
-4.890E-4
-4.890E-4
-4.890E-4
-4.890E-4
-4.890E-4
-4.890E-4
-4.890E-4
-4.890E-4
-4.890E-4
-4.890E-4
-4.890E-4
-4.890E-4
-4.890E-4
-4.890E-4
-4.890E-4
-4.890E-4
-4.890E-4
-4.890E-4
-4.890E-4
-4.890E-4
-4.890E-4
-4.890E-4
-4.890E-4
-4.890E-4
-4.890E-4
-4.890E-4
-4.890E-4
-4.890E-4
-4.890E-4
-4.890E-4
-4.890E-4
-4.890E-4
-4.890E-4
-4.890E-4
-4.890E-4
-4.890E-4
-4.890E-4
-4.890E-4
-4.890E-4
-4.890E-4
-4.890E-4
-4.890E-4
-4.890E-4
-4.890E-4
-4.890E-4
-4.890E-4
-4.890E-4
-4.890E-4
-4.890E-4
-4.890E-4
-4.890E-4
-4.890E-4
-4.890E-4
-4.890E-4
-4.890E-4
-4.890E-4
-4.890E-4
-4.890E-4
-4.890E-4
-4.890E-4
-4.890E-4
-4.890E-4
-4.890E-4
-4.890E-4
-4.890E-4
-4.890E-4
-4.890E-4
-4.890E-4
-4.890E-4
-4.890E-4
-4.890E-4
-4.890E-4
-4.890E-4
-4.890E-4
-4.890E-4
-4.890E-4
-4.890E-4
-4.890E-4
-4.890E-4
-4.890E-4
-4.890E-4
-4.890E-4
-4.890E-4
-4.890E-4
-4.890E-4
-4.890E-4
-4.890E-4
-4.890E-4
-4.890E-4
-4.890E-4
-4.890E-4
-4.890E-4
-4.890E-4
-4.890E-4
-4.890E-4
-4.890E-4
-4.890E-4
-4.890E-4
-4.890E-4
-4.890E-4
-4.890E-4
-4.890E-4
-4.890E-4
-4.890E-4
-4.890E-4
-4.890E-4
-4.890E-4
-4.890E-4
-4.890E-4
-4.890E-4
-4.890E-4
-4.890E-4
-4.890E-4
-4.890E-4
-4.890E-4
-4.890E-4
-4.890E-4
-4.890E-4
-4.890E-4
-4.890E-4
-4.890E-4
-4.890E-4
-4.890E-4
-4.890E-4
-4.890E-4
-4.890E-4
-4.890E-4
-4.890E-4
-4.890E-4
-4.890E-4
-4.890E-4
-4.890E-4
-4.890E-4
-4.890E-4
-4.890E-4
-4.890E-4
-4.890E-4
-4.890E-4
-4.890E-4
-4.890E-4
-4.890E-4
-4.890E-4
-4.890E-4
-4.890E-4
-4.890E-4
-4.890E-4
-4.890E-4
-4.890E-4
-4.890E-4
-4.890E-4
-4.890E-4
-4.890E-4
-4.890E-4
-4.890E-4
-4.890E-4
-4.890E-4
-4.890E-4
-4.890E-4
-4.890E-4
-4.890E-4
-4.890E-4
-4.890E-4
-4.890E-4
-4.890E-4
-4.890E-4
-4.890E-4
-4.890E-4
-4.890E-4
-4.890E-4
-4.890E-4
-4.890E-4
-4.890E-4
-4.890E-4
-4.890E-4
-4.890E-4
-4.890E-4
-4.890E-4
-4.890E-4
-4.890E-4
-4.890E-4
-4.890E-4
-4.890E-4
-4.890E-4
-4.890E-4
-4.890E-4
-4.890E-4
-4.890E-4
-4.890E-4
-4.890E-4
-4.890E-4
-4.890E-4
-4.890E-4
-4.890E-4
-4.890E-4
-4.890E-4
-4.890E-4
-4.890E-4
-4.890E-4
-4.890E-4
-4.890E-4
-4.890E-4
-4.890E-4
-4.890E-4
-4.890E-4
-4.890E-4
-4.890E-4
-4.890E-4
-4.890E-4
-4.890E-4
-4.890E-4
-4.890E-4
-4.890E-4
-4.890E-4
-4.890E-4
-4.890E-4
-4.890E-4
-4.890E-4
-4.890E-4
-4.890E-4
-4.890E-4
-4.890E-4
-4.890E-4
-4.890E-4
-4.890E-4
-4.890E-4
-4.890E-4
-4.890E-4
-4.890E-4
-4.890E-4
-4.890E-4
-4.890E-4
-4.890E-4
-4.890E-4
-4.890E-4
-4.890E-4
-4.890E-4
-4.890E-4
-4.890E-4
-4.890E-4
-4.890E-4
-4.890E-4
-4.890E-4
-4.890E-4
-4.890E-4
-4.890E-4
-4.890E-4
-4.890E-4
-4.890E-4
-4.890E-4
-4.890E-4
-4.890E-4
-4.890E-4
-4.890E-4
-4.890E-4
-4.890E-4
-4.890E-4
-4.890E-4
-4.890E-4
-4.890E-4
-4.890E-4
-4.890E-4
-4.890E-4
-4.890E-4
-4.890E-4
-4.890E-4
-4.890E-4
-4.890E-4
-4.890E-4
-4.890E-4
-4.890E-4
-4.890E-4
-4.890E-4
-4.890E-4
-4.890E-4
-4.890E-4
-4.890E-4
-4.890E-4
-4.890E-4
-4.890E-4
-4.890E-4
-4.890E-4
-4.890E-4
-4.890E-4
-4.890E-4
-4.890E-4
-4.890E-4
-4.890E-4
-4.890E-4
-4.890E-4
-4.890E-4
-4.890E-4
-4.890E-4
-4.890E-4
-4.890E-4
-4.890E-4
-4.890E-4
-4.890E-4
-4.890E-4
-4.890E-4
-4.890E-4
-4.890E-4
-4.890E-4
-4.890E-4
-4.890E-4
-4.890E-4
-4.890E-4
-4.890E-4
-4.890E-4
-4.890E-4
-4.890E-4
-4.890E-4
-4.890E-4
-4.890E-4
-4.890E-4
-4.890E-4
-4.890E-4
-4.890E-4
-4.890E-4
-4.890E-4
-4.890E-4
-4.890E-4
-4.890E-4
-4.890E-4
-4.890E-4
-4.890E-4
-4.890E-4
-4.890E-4
-4.890E-4
-4.890E-4
-4.890E-4
-4.890E-4
-4.890E-4
-4.890E-4
-4.890E-4
-4.890E-4
-4.890E-4
-4.890E-4
-4.890E-4
-4.890E-4
-4.890E-4
-4.890E-4
-4.890E-4
-4.890E-4
-4.890E-4
-4.890E-4
-4.890E-4
-4.890E-4
-4.890E-4
-4.890E-4
-4.890E-4
-4.890E-4
-4.890E-4
-4.890E-4
-4.890E-4
-4.890E-4
-4.890E-4
-4.890E-4
-4.890E-4
-4.890E-4
-4.890E-4
-4.890E-4
-4.890E-4
-4.890E-4
-4.890E-4
-4.890E-4
-4.890E-4
-4.890E-4
-4.890E-4
-4.890E-4
-4.890E-4
-4.890E-4
-4.890E-4
-4.890E-4
-4.890E-4
-4.890E-4
-4.890E-4
-4.890E-4
-4.890E-4
-4.890E-4
-4.890E-4
-4.890E-4
-4.890E-4
-4.890E-4
-4.890E-4
-4.890E-4
-4.890E-4
-4.890E-4
-4.890E-4
-4.890E-4
-4.890E-4
-4.890E-4
-4.890E-4
-4.890E-4
-4.890E-4
-4.890E-4
-4.890E-4
-4.890E-4
-4.890E-4
-4.890E-4
-4.890E-4
-4.890E-4
-4.890E-4
-4.890E-4
-4.890E-4
-4.890E-4
-4.890E-4
-4.890E-4
-4.890E-4
-4.890E-4
-4.890E-4
-4.890E-4
-4.890E-4
-4.890E-4
-4.890E-4
-4.890E-4
-4.890E-4
-4.890E-4
-4.890E-4
-4.890E-4
-4.890E-4
-4.890E-4
-4.890E-4
-4.890E-4
-4.890E-4
-4.890E-4
-4.890E-4
-4.890E-4
-4.890E-4
-4.890E-4
-4.890E-4
-4.890E-4
-4.890E-4
-4.890E-4
-4.890E-4
-4.890E-4
-4.890E-4
-4.890E-4
-4.890E-4
-4.890E-4
-4.890E-4
-4.890E-4
-4.890E-4
-4.890E-4
-4.890E-4
-4.890E-4
-4.890E-4
-4.890E-4
-4.890E-4
-4.890E-4
-4.890E-4
-4.890E-4
-4.890E-4
-4.890E-4
-4.890E-4
-4.890E-4
-4.890E-4
-4.890E-4
-4.890E-4
-4.890E-4
-4.890E-4
-4.890E-4
-4.890E-4
-4.890E-4
-4.890E-4
-4.890E-4
-4.890E-4
-4.890E-4
-4.890E-4
-4.890E-4
-4.890E-4
-4.890E-4
-4.890E-4
-4.890E-4
-4.890E-4
-4.890E-4
-4.890E-4
-4.890E-4
-4.890E-4
-4.890E-4
-4.890E-4
-4.890E-4
-4.890E-4
-4.890E-4
-4.890E-4
-4.890E-4
-4.890E-4
-4.890E-4
-4.890E-4
-4.890E-4
-4.890E-4
-4.890E-4
-4.890E-4
-4.890E-4
-4.890E-4
-4.890E-4
-4.890E-4
-4.890E-4
-4.890E-4
-4.890E-4
-4.890E-4
-4.890E-4
-4.890E-4
-4.890E-4
-4.890E-4
-4.890E-4
-4.890E-4
-4.890E-4
-4.890E-4
-4.890E-4
-4.890E-4
-4.890E-4
-4.890E-4
-4.890E-4
-4.890E-4
-4.890E-4
-4.890E-4
-4.890E-4
-4.890E-4
-4.890E-4
-4.890E-4
-4.890E-4
-4.890E-4
-4.890E-4
-4.890E-4
-4.890E-4
-4.890E-4
-4.890E-4
-4.890E-4
-4.890E-4
-4.890E-4
-4.890E-4
-4.890E-4
-4.890E-4
-4.890E-4
-4.890E-4
-4.890E-4
-4.890E-4
-4.890E-4
-4.890E-4
-4.890E-4
-4.890E-4
-4.890E-4
-4.890E-4
-4.890E-4
-4.890E-4
-4.890E-4
-4.890E-4
-4.890E-4
-4.890E-4
-4.890E-4
-4.890E-4
-4.890E-4
-4.890E-4
-4.890E-4
-4.890E-4
-4.890E-4
-4.890E-4
-4.890E-4
-4.890E-4
-4.890E-4
-4.890E-4
-4.890E-4
-4.890E-4
-4.890E-4
-4.890E-4
-4.890E-4
-4.890E-4
-4.890E-4
-4.890E-4
-4.890E-4
-4.890E-4
-4.890E-4
-4.890E-4
-4.890E-4
-4.890E-4
-4.890E-4
-4.890E-4
-4.890E-4
-4.890E-4
-4.890E-4
-4.890E-4
-4.890E-4
-4.890E-4
-4.890E-4
-4.890E-4
-4.890E-4
-4.890E-4
-4.890E-4
-4.890E-4
-4.890E-4
-4.890E-4
-4.890E-4
-4.890E-4
-4.890E-4
-4.890E-4
-4.890E-4
-4.890E-4
-4.890E-4
-4.890E-4
-4.890E-4
-4.890E-4
-4.890E-4
-4.890E-4
-4.890E-4
-4.890E-4
-4.890E-4
-4.890E-4
-4.890E-4
-4.890E-4
-4.890E-4
-4.890E-4
-4.890E-4
-4.890E-4
-4.890E-4
-4.890E-4
-4.890E-4
-4.890E-4
-4.890E-4
-4.890E-4
-4.890E-4
-4.890E-4
-4.890E-4
-4.890E-4
-4.890E-4
-4.890E-4
-4.890E-4
-4.890E-4
-4.890E-4
-4.890E-4
-4.890E-4
-4.890E-4
-4.890E-4
-4.890E-4
-4.890E-4
-4.890E-4
-4.890E-4
-4.890E-4
-4.890E-4
-4.890E-4
-4.890E-4
-4.890E-4
-4.890E-4
-4.890E-4
-4.890E-4
-4.890E-4
-4.890E-4
-4.890E-4
-4.890E-4
-4.890E-4
-4.890E-4
-4.890E-4
-4.890E-4
-4.890E-4
-4.890E-4
-4.890E-4
-4.890E-4
-4.890E-4
-4.890E-4
-4.890E-4
-4.890E-4
-4.890E-4
-4.890E-4
-4.890E-4
-4.890E-4
-4.890E-4
-4.890E-4
-4.890E-4
-4.890E-4
-4.890E-4
-4.890E-4
-4.890E-4
-4.890E-4
-4.890E-4
-4.890E-4
-4.890E-4
-4.890E-4
-4.890E-4
-4.890E-4
-4.890E-4
-4.890E-4
-4.890E-4
-4.890E-4
-4.890E-4
-4.890E-4
-4.890E-4
-4.890E-4
-4.890E-4
-4.890E-4
-4.890E-4
-4.890E-4
-4.890E-4
-4.890E-4
-4.890E-4
-4.890E-4
-4.890E-4
-4.890E-4
-4.890E-4
-4.890E-4
-4.890E-4
-4.890E-4
-4.890E-4
-4.890E-4
-4.890E-4
-4.890E-4
-4.890E-4
-4.890E-4
-4.890E-4
-4.890E-4
-4.890E-4
-4.890E-4
-4.890E-4
-4.890E-4
-4.890E-4
-4.890E-4
-4.890E-4
-4.890E-4
-4.890E-4
-4.890E-4
-4.890E-4
-4.890E-4
-4.890E-4
-4.890E-4
-4.890E-4
-4.890E-4
-4.890E-4
-4.890E-4
-4.890E-4
-4.890E-4
-4.890E-4
-4.890E-4
-4.890E-4
-4.890E-4
-4.890E-4
-4.890E-4
-4.890E-4
-4.890E-4
-4.890E-4
-4.890E-4
-4.890E-4
-4.890E-4
-4.890E-4
-4.890E-4
-4.890E-4
-4.890E-4
-4.890E-4
-4.890E-4
-4.890E-4
-4.890E-4
-4.890E-4
-4.890E-4
-4.890E-4
-4.890E-4
-4.890E-4
-4.890E-4
-4.890E-4
-4.890E-4
-4.890E-4
-4.890E-4
-4.890E-4
-4.890E-4
-4.890E-4
-4.890E-4
-4.890E-4
-4.890E-4
-4.890E-4
-4.890E-4
-4.890E-4
-4.890E-4
-4.890E-4
-4.890E-4
-4.890E-4
-4.890E-4
-4.890E-4
-4.890E-4
-4.890E-4
-4.890E-4
-4.890E-4
-4.890E-4
-4.890E-4
-4.890E-4
-4.890E-4
-4.890E-4
-4.890E-4
-4.890E-4
-4.890E-4
-4.890E-4
-4.890E-4
-4.890E-4
-4.890E-4
-4.890E-4
-4.890E-4
-4.890E-4
-4.890E-4
-4.890E-4
-4.890E-4
-4.890E-4
-4.890E-4
-4.890E-4
-4.890E-4
-4.890E-4
-4.890E-4
-4.890E-4
-4.890E-4
-4.890E-4
-4.890E-4
-4.890E-4
-4.890E-4
-4.890E-4
-4.890E-4
-4.890E-4
-4.890E-4
-4.890E-4
-4.890E-4
-4.890E-4
-4.890E-4
-4.890E-4
-4.890E-4
-4.890E-4
-4.890E-4
-4.890E-4
-4.890E-4
-4.890E-4
-4.890E-4
-4.890E-4
-4.890E-4
-4.890E-4
-4.890E-4
-4.890E-4
-4.890E-4
-4.890E-4
-4.890E-4
-4.890E-4
-4.890E-4
-4.890E-4
-4.890E-4
-4.890E-4
-4.890E-4
-4.890E-4
-4.890E-4
-4.890E-4
-4.890E-4
-4.890E-4
-4.890E-4
-4.890E-4
-4.890E-4
-4.890E-4
