1.000E-9
-1.000E-6
8.805E-1
9.041E-1
9.041E-1
9.276E-1
9.276E-1
9.511E-1
9.511E-1
9.747E-1
9.747E-1
9.747E-1
9.982E-1
9.982E-1
1.022E+0
1.022E+0
1.022E+0
1.045E+0
1.045E+0
1.069E+0
1.069E+0
1.069E+0
1.092E+0
1.092E+0
1.116E+0
1.116E+0
1.116E+0
1.139E+0
1.139E+0
1.163E+0
1.163E+0
1.163E+0
1.187E+0
1.187E+0
1.210E+0
1.210E+0
1.210E+0
1.234E+0
1.234E+0
1.257E+0
1.257E+0
1.257E+0
1.281E+0
1.281E+0
1.304E+0
1.304E+0
1.328E+0
1.328E+0
1.328E+0
1.351E+0
1.351E+0
1.351E+0
1.351E+0
1.375E+0
1.375E+0
1.375E+0
1.398E+0
1.398E+0
1.398E+0
1.422E+0
1.422E+0
1.422E+0
1.422E+0
1.446E+0
1.446E+0
1.446E+0
1.446E+0
1.469E+0
1.469E+0
1.493E+0
1.493E+0
1.493E+0
1.516E+0
1.516E+0
1.540E+0
1.540E+0
1.540E+0
1.563E+0
1.563E+0
1.563E+0
1.563E+0
1.563E+0
1.563E+0
1.563E+0
1.587E+0
1.587E+0
1.587E+0
1.610E+0
1.610E+0
1.634E+0
1.634E+0
1.634E+0
1.657E+0
1.657E+0
1.657E+0
1.657E+0
1.657E+0
1.657E+0
1.657E+0
1.681E+0
1.681E+0
1.704E+0
1.704E+0
1.704E+0
1.728E+0
1.728E+0
1.728E+0
1.728E+0
1.728E+0
1.728E+0
1.728E+0
1.728E+0
1.728E+0
1.728E+0
1.752E+0
1.752E+0
1.752E+0
1.752E+0
1.775E+0
1.775E+0
1.775E+0
1.775E+0
1.775E+0
1.799E+0
1.799E+0
1.799E+0
1.799E+0
1.822E+0
1.822E+0
1.822E+0
1.822E+0
1.822E+0
1.822E+0
1.822E+0
1.822E+0
1.822E+0
1.822E+0
1.822E+0
1.846E+0
1.846E+0
1.846E+0
1.846E+0
1.846E+0
1.846E+0
1.846E+0
1.846E+0
1.846E+0
1.846E+0
1.846E+0
1.869E+0
1.869E+0
1.869E+0
1.869E+0
1.893E+0
1.893E+0
1.893E+0
1.893E+0
1.893E+0
1.893E+0
1.893E+0
1.893E+0
1.893E+0
1.893E+0
1.893E+0
1.893E+0
1.893E+0
1.893E+0
1.893E+0
1.893E+0
1.893E+0
1.893E+0
1.893E+0
1.893E+0
1.893E+0
1.893E+0
1.893E+0
1.893E+0
1.893E+0
1.893E+0
1.893E+0
1.893E+0
1.893E+0
1.893E+0
1.893E+0
1.893E+0
1.893E+0
1.893E+0
1.893E+0
1.893E+0
1.893E+0
1.893E+0
1.893E+0
1.893E+0
1.869E+0
1.869E+0
1.869E+0
1.869E+0
1.869E+0
1.869E+0
1.869E+0
1.869E+0
1.869E+0
1.869E+0
1.846E+0
1.846E+0
1.846E+0
1.846E+0
1.846E+0
1.846E+0
1.846E+0
1.846E+0
1.846E+0
1.846E+0
1.822E+0
1.822E+0
1.822E+0
1.822E+0
1.822E+0
1.822E+0
1.822E+0
1.822E+0
1.822E+0
1.822E+0
1.822E+0
1.799E+0
1.799E+0
1.799E+0
1.799E+0
1.775E+0
1.775E+0
1.775E+0
1.775E+0
1.775E+0
1.752E+0
1.752E+0
1.752E+0
1.752E+0
1.752E+0
1.728E+0
1.728E+0
1.728E+0
1.728E+0
1.728E+0
1.704E+0
1.704E+0
1.704E+0
1.704E+0
1.704E+0
1.681E+0
1.681E+0
1.681E+0
1.657E+0
1.657E+0
1.657E+0
1.634E+0
1.634E+0
1.634E+0
1.634E+0
1.634E+0
1.634E+0
1.634E+0
1.634E+0
1.610E+0
1.610E+0
1.610E+0
1.587E+0
1.587E+0
1.563E+0
1.563E+0
1.540E+0
1.540E+0
1.540E+0
1.540E+0
1.516E+0
1.516E+0
1.516E+0
1.516E+0
1.493E+0
1.493E+0
1.493E+0
1.469E+0
1.469E+0
1.469E+0
1.446E+0
1.446E+0
1.446E+0
1.446E+0
1.422E+0
1.422E+0
1.422E+0
1.398E+0
1.398E+0
1.375E+0
1.375E+0
1.351E+0
1.351E+0
1.351E+0
1.328E+0
1.328E+0
1.304E+0
1.304E+0
1.304E+0
1.304E+0
1.281E+0
1.281E+0
1.281E+0
1.281E+0
1.257E+0
1.257E+0
1.234E+0
1.234E+0
1.234E+0
1.210E+0
1.210E+0
1.187E+0
1.187E+0
1.187E+0
1.187E+0
1.163E+0
1.163E+0
1.163E+0
1.139E+0
1.139E+0
1.116E+0
1.116E+0
1.092E+0
1.092E+0
1.069E+0
1.069E+0
1.045E+0
1.045E+0
1.045E+0
1.022E+0
1.022E+0
1.022E+0
9.982E-1
9.747E-1
9.747E-1
9.511E-1
9.511E-1
9.276E-1
9.041E-1
9.041E-1
9.041E-1
8.805E-1
8.805E-1
8.805E-1
8.805E-1
8.805E-1
8.570E-1
8.570E-1
8.334E-1
8.334E-1
8.099E-1
8.099E-1
7.863E-1
7.863E-1
7.628E-1
7.628E-1
7.393E-1
7.393E-1
7.157E-1
7.157E-1
6.922E-1
6.922E-1
6.686E-1
6.686E-1
6.451E-1
6.451E-1
6.215E-1
6.215E-1
5.980E-1
5.980E-1
5.745E-1
5.745E-1
5.509E-1
5.509E-1
5.274E-1
5.274E-1
5.038E-1
5.038E-1
5.038E-1
4.803E-1
4.803E-1
4.803E-1
4.568E-1
4.568E-1
4.332E-1
4.332E-1
4.097E-1
4.097E-1
3.861E-1
3.861E-1
3.626E-1
3.626E-1
3.390E-1
3.390E-1
3.155E-1
3.155E-1
2.920E-1
2.920E-1
2.684E-1
2.684E-1
2.449E-1
2.449E-1
2.213E-1
1.978E-1
1.978E-1
1.742E-1
1.742E-1
1.507E-1
1.272E-1
1.272E-1
1.036E-1
1.036E-1
8.008E-2
5.653E-2
5.653E-2
3.299E-2
3.299E-2
9.449E-3
9.449E-3
-1.409E-2
-1.409E-2
-3.764E-2
-3.764E-2
-3.764E-2
-6.118E-2
-6.118E-2
-6.118E-2
-8.472E-2
-1.083E-1
-1.083E-1
-1.318E-1
-1.318E-1
-1.553E-1
-1.553E-1
-1.789E-1
-1.789E-1
-2.024E-1
-2.024E-1
-2.260E-1
-2.260E-1
-2.495E-1
-2.495E-1
-2.731E-1
-2.731E-1
-2.966E-1
-2.966E-1
-3.201E-1
-3.201E-1
-3.437E-1
-3.437E-1
-3.672E-1
-3.672E-1
-3.908E-1
-3.908E-1
-3.908E-1
-4.143E-1
-4.143E-1
-4.143E-1
-4.379E-1
-4.379E-1
-4.614E-1
-4.614E-1
-4.849E-1
-5.085E-1
-5.085E-1
-5.320E-1
-5.320E-1
-5.556E-1
-5.556E-1
-5.791E-1
-5.791E-1
-6.026E-1
-6.026E-1
-6.026E-1
-6.262E-1
-6.262E-1
-6.497E-1
-6.497E-1
-6.733E-1
-6.733E-1
-6.968E-1
-6.968E-1
-7.204E-1
-7.204E-1
-7.204E-1
-7.439E-1
-7.439E-1
-7.439E-1
-7.439E-1
-7.674E-1
-7.910E-1
-7.910E-1
-8.145E-1
-8.381E-1
-8.381E-1
-8.616E-1
-8.616E-1
-8.852E-1
-8.852E-1
-9.087E-1
-9.087E-1
-9.322E-1
-9.322E-1
-9.322E-1
-9.558E-1
-9.558E-1
-9.793E-1
-9.793E-1
-9.793E-1
-1.003E+0
-1.003E+0
-1.003E+0
-1.026E+0
-1.026E+0
-1.050E+0
-1.050E+0
-1.073E+0
-1.073E+0
-1.097E+0
-1.097E+0
-1.121E+0
-1.121E+0
-1.144E+0
-1.144E+0
-1.144E+0
-1.168E+0
-1.168E+0
-1.168E+0
-1.168E+0
-1.191E+0
-1.191E+0
-1.191E+0
-1.215E+0
-1.215E+0
-1.238E+0
-1.238E+0
-1.262E+0
-1.262E+0
-1.262E+0
-1.285E+0
-1.285E+0
-1.309E+0
-1.309E+0
-1.309E+0
-1.332E+0
-1.332E+0
-1.356E+0
-1.356E+0
-1.356E+0
-1.356E+0
-1.380E+0
-1.380E+0
-1.380E+0
-1.380E+0
-1.403E+0
-1.403E+0
-1.403E+0
-1.427E+0
-1.427E+0
-1.450E+0
-1.450E+0
-1.474E+0
-1.474E+0
-1.474E+0
-1.474E+0
-1.497E+0
-1.497E+0
-1.497E+0
-1.497E+0
-1.521E+0
-1.521E+0
-1.521E+0
-1.544E+0
-1.544E+0
-1.544E+0
-1.568E+0
-1.568E+0
-1.568E+0
-1.568E+0
-1.568E+0
-1.568E+0
-1.591E+0
-1.591E+0
-1.591E+0
-1.615E+0
-1.615E+0
-1.615E+0
-1.639E+0
-1.639E+0
-1.639E+0
-1.662E+0
-1.662E+0
-1.662E+0
-1.662E+0
-1.662E+0
-1.686E+0
-1.686E+0
-1.686E+0
-1.686E+0
-1.686E+0
-1.709E+0
-1.709E+0
-1.709E+0
-1.709E+0
-1.709E+0
-1.733E+0
-1.733E+0
-1.733E+0
-1.733E+0
-1.733E+0
-1.756E+0
-1.756E+0
-1.756E+0
-1.756E+0
-1.780E+0
-1.780E+0
-1.780E+0
-1.780E+0
-1.780E+0
-1.780E+0
-1.780E+0
-1.780E+0
-1.780E+0
-1.780E+0
-1.803E+0
-1.803E+0
-1.803E+0
-1.827E+0
-1.827E+0
-1.827E+0
-1.827E+0
-1.827E+0
-1.827E+0
-1.827E+0
-1.827E+0
-1.827E+0
-1.827E+0
-1.827E+0
-1.827E+0
-1.850E+0
-1.850E+0
-1.850E+0
-1.874E+0
-1.874E+0
-1.874E+0
-1.874E+0
-1.874E+0
-1.874E+0
-1.874E+0
-1.874E+0
-1.874E+0
-1.874E+0
-1.874E+0
-1.874E+0
-1.874E+0
-1.874E+0
-1.874E+0
-1.874E+0
-1.874E+0
-1.874E+0
-1.897E+0
-1.897E+0
-1.897E+0
-1.897E+0
-1.897E+0
-1.897E+0
-1.897E+0
-1.897E+0
-1.897E+0
-1.897E+0
-1.897E+0
-1.897E+0
-1.897E+0
-1.897E+0
-1.897E+0
-1.897E+0
-1.897E+0
-1.897E+0
-1.897E+0
-1.897E+0
-1.897E+0
-1.897E+0
-1.897E+0
-1.897E+0
-1.897E+0
-1.874E+0
-1.874E+0
-1.874E+0
-1.874E+0
-1.874E+0
-1.874E+0
-1.874E+0
-1.874E+0
-1.874E+0
-1.874E+0
-1.874E+0
-1.874E+0
-1.874E+0
-1.874E+0
-1.874E+0
-1.874E+0
-1.874E+0
-1.874E+0
-1.874E+0
-1.874E+0
-1.850E+0
-1.850E+0
-1.850E+0
-1.850E+0
-1.827E+0
-1.827E+0
-1.827E+0
-1.827E+0
-1.827E+0
-1.827E+0
-1.827E+0
-1.827E+0
-1.827E+0
-1.827E+0
-1.827E+0
-1.803E+0
-1.803E+0
-1.803E+0
-1.803E+0
-1.803E+0
-1.780E+0
-1.780E+0
-1.780E+0
-1.780E+0
-1.780E+0
-1.756E+0
-1.756E+0
-1.756E+0
-1.756E+0
-1.756E+0
-1.733E+0
-1.733E+0
-1.733E+0
-1.733E+0
-1.733E+0
-1.709E+0
-1.709E+0
-1.709E+0
-1.709E+0
-1.709E+0
-1.686E+0
-1.686E+0
-1.686E+0
-1.686E+0
-1.686E+0
-1.662E+0
-1.662E+0
-1.662E+0
-1.662E+0
-1.662E+0
-1.639E+0
-1.639E+0
-1.639E+0
-1.615E+0
-1.615E+0
-1.615E+0
-1.591E+0
-1.591E+0
-1.591E+0
-1.591E+0
-1.568E+0
-1.568E+0
-1.568E+0
-1.544E+0
-1.544E+0
-1.544E+0
-1.521E+0
-1.521E+0
-1.521E+0
-1.497E+0
-1.497E+0
-1.497E+0
-1.497E+0
-1.497E+0
-1.497E+0
-1.497E+0
-1.474E+0
-1.474E+0
-1.450E+0
-1.450E+0
-1.427E+0
-1.427E+0
-1.403E+0
-1.380E+0
-1.380E+0
-1.380E+0
-1.356E+0
-1.356E+0
-1.356E+0
-1.356E+0
-1.332E+0
-1.332E+0
-1.332E+0
-1.332E+0
-1.309E+0
-1.309E+0
-1.285E+0
-1.285E+0
-1.285E+0
-1.262E+0
-1.262E+0
-1.238E+0
-1.238E+0
-1.215E+0
-1.215E+0
-1.215E+0
-1.191E+0
-1.191E+0
-1.191E+0
-1.168E+0
-1.168E+0
-1.144E+0
-1.144E+0
-1.144E+0
-1.121E+0
-1.121E+0
-1.097E+0
-1.097E+0
-1.097E+0
-1.073E+0
-1.073E+0
-1.050E+0
-1.050E+0
-1.026E+0
-1.026E+0
-1.026E+0
-1.003E+0
-1.003E+0
-1.003E+0
-9.793E-1
-9.793E-1
-9.558E-1
-9.558E-1
-9.322E-1
-9.322E-1
-9.087E-1
-9.087E-1
-8.852E-1
-8.852E-1
-8.616E-1
-8.616E-1
-8.381E-1
-8.381E-1
-8.145E-1
-8.145E-1
-7.910E-1
-7.910E-1
-7.674E-1
-7.674E-1
-7.439E-1
-7.439E-1
-7.204E-1
-7.204E-1
-6.968E-1
-6.968E-1
-6.968E-1
-6.733E-1
-6.733E-1
-6.733E-1
-6.497E-1
-6.497E-1
-6.262E-1
-6.262E-1
-6.026E-1
-6.026E-1
-5.791E-1
-5.791E-1
-5.556E-1
-5.320E-1
-5.320E-1
-5.320E-1
-5.085E-1
-5.085E-1
-4.849E-1
-4.849E-1
-4.849E-1
-4.614E-1
-4.614E-1
-4.614E-1
-4.379E-1
-4.379E-1
-4.143E-1
-4.143E-1
-3.908E-1
-3.908E-1
-3.672E-1
-3.672E-1
-3.437E-1
-3.437E-1
-3.201E-1
-3.201E-1
-2.966E-1
-2.966E-1
-2.731E-1
-2.731E-1
-2.495E-1
-2.495E-1
-2.260E-1
-2.024E-1
-2.024E-1
-1.789E-1
-1.553E-1
-1.553E-1
-1.318E-1
-1.318E-1
-1.318E-1
-1.083E-1
-1.083E-1
-1.083E-1
-8.472E-2
-8.472E-2
-6.118E-2
-6.118E-2
-3.764E-2
-3.764E-2
-1.409E-2
-1.409E-2
9.449E-3
3.299E-2
3.299E-2
5.653E-2
5.653E-2
8.008E-2
1.036E-1
1.036E-1
1.272E-1
1.272E-1
1.507E-1
1.507E-1
1.742E-1
1.742E-1
1.978E-1
1.978E-1
2.213E-1
2.213E-1
2.449E-1
2.449E-1
2.684E-1
2.684E-1
2.920E-1
2.920E-1
3.155E-1
3.155E-1
3.155E-1
3.390E-1
3.390E-1
3.626E-1
3.626E-1
3.861E-1
3.861E-1
4.097E-1
4.097E-1
4.332E-1
4.332E-1
4.568E-1
4.568E-1
4.803E-1
4.803E-1
5.038E-1
5.038E-1
5.274E-1
5.274E-1
5.509E-1
5.509E-1
5.745E-1
5.745E-1
5.980E-1
5.980E-1
6.215E-1
6.215E-1
6.451E-1
6.451E-1
6.686E-1
6.686E-1
6.686E-1
6.922E-1
6.922E-1
6.922E-1
7.157E-1
7.157E-1
7.393E-1
7.393E-1
7.628E-1
7.863E-1
7.863E-1
8.099E-1
8.334E-1
8.334E-1
8.570E-1
8.570E-1
8.570E-1
8.805E-1
8.805E-1
8.805E-1
8.805E-1
8.805E-1
9.041E-1
9.041E-1
9.276E-1
9.276E-1
9.511E-1
9.511E-1
9.747E-1
9.747E-1
9.982E-1
9.982E-1
1.022E+0
1.022E+0
1.022E+0
1.045E+0
1.045E+0
1.069E+0
1.069E+0
1.069E+0
1.092E+0
1.092E+0
1.116E+0
1.116E+0
1.116E+0
1.139E+0
1.139E+0
1.163E+0
1.163E+0
1.163E+0
1.187E+0
1.187E+0
1.210E+0
1.210E+0
1.234E+0
1.234E+0
1.257E+0
1.257E+0
1.281E+0
1.281E+0
1.281E+0
1.304E+0
1.304E+0
1.304E+0
1.304E+0
1.328E+0
1.328E+0
1.351E+0
1.351E+0
1.351E+0
1.375E+0
1.375E+0
1.398E+0
1.398E+0
1.398E+0
1.398E+0
1.422E+0
1.422E+0
1.422E+0
1.422E+0
1.446E+0
1.446E+0
1.469E+0
1.469E+0
1.469E+0
1.493E+0
1.493E+0
1.493E+0
1.493E+0
1.493E+0
1.493E+0
1.516E+0
1.516E+0
1.516E+0
1.516E+0
1.540E+0
1.540E+0
1.563E+0
1.563E+0
1.563E+0
1.563E+0
1.587E+0
1.587E+0
1.587E+0
1.587E+0
1.610E+0
1.610E+0
1.634E+0
1.634E+0
1.657E+0
1.657E+0
1.657E+0
1.681E+0
1.681E+0
1.681E+0
1.681E+0
1.681E+0
1.681E+0
1.681E+0
1.681E+0
1.681E+0
1.681E+0
1.704E+0
1.704E+0
1.704E+0
1.704E+0
1.728E+0
1.728E+0
1.728E+0
1.728E+0
1.728E+0
1.752E+0
1.752E+0
1.752E+0
1.775E+0
1.775E+0
1.775E+0
1.799E+0
1.799E+0
1.799E+0
1.799E+0
1.799E+0
1.799E+0
1.799E+0
1.799E+0
1.799E+0
1.822E+0
1.822E+0
1.822E+0
1.822E+0
1.822E+0
1.822E+0
1.822E+0
1.822E+0
1.822E+0
1.822E+0
1.846E+0
1.846E+0
1.846E+0
1.846E+0
1.846E+0
1.846E+0
1.846E+0
1.846E+0
1.846E+0
1.846E+0
1.846E+0
1.869E+0
1.869E+0
1.869E+0
1.869E+0
1.893E+0
1.893E+0
1.893E+0
1.893E+0
1.893E+0
1.893E+0
1.893E+0
1.893E+0
1.893E+0
1.893E+0
1.893E+0
1.893E+0
1.893E+0
1.893E+0
1.893E+0
1.893E+0
1.893E+0
1.893E+0
1.893E+0
1.893E+0
1.893E+0
1.893E+0
1.893E+0
1.893E+0
1.893E+0
1.893E+0
1.893E+0
1.893E+0
1.893E+0
1.893E+0
1.893E+0
1.893E+0
1.893E+0
1.893E+0
1.893E+0
1.893E+0
1.893E+0
1.893E+0
1.893E+0
1.893E+0
1.893E+0
1.893E+0
1.893E+0
1.893E+0
1.893E+0
1.893E+0
1.893E+0
1.893E+0
1.893E+0
1.869E+0
1.869E+0
1.846E+0
1.846E+0
1.846E+0
1.846E+0
1.846E+0
1.846E+0
1.846E+0
1.846E+0
1.846E+0
1.846E+0
1.846E+0
1.846E+0
1.846E+0
1.846E+0
1.846E+0
1.822E+0
1.822E+0
1.822E+0
1.822E+0
1.799E+0
1.799E+0
1.799E+0
1.799E+0
1.799E+0
1.775E+0
1.775E+0
1.775E+0
1.775E+0
1.775E+0
1.752E+0
1.752E+0
1.752E+0
1.752E+0
1.752E+0
1.728E+0
1.728E+0
1.728E+0
1.728E+0
1.728E+0
1.704E+0
1.704E+0
1.704E+0
1.704E+0
1.704E+0
1.681E+0
1.681E+0
1.681E+0
1.681E+0
1.657E+0
1.657E+0
1.634E+0
1.634E+0
1.634E+0
1.610E+0
1.610E+0
1.610E+0
1.610E+0
1.610E+0
1.610E+0
1.610E+0
1.587E+0
1.587E+0
1.587E+0
1.563E+0
1.563E+0
1.540E+0
1.540E+0
1.540E+0
1.516E+0
1.516E+0
1.516E+0
1.516E+0
1.516E+0
1.516E+0
1.516E+0
1.493E+0
1.493E+0
1.493E+0
1.469E+0
1.469E+0
1.446E+0
1.446E+0
1.446E+0
1.422E+0
1.422E+0
1.398E+0
1.398E+0
1.398E+0
1.398E+0
1.375E+0
1.375E+0
1.375E+0
1.351E+0
1.351E+0
1.328E+0
1.328E+0
1.304E+0
1.304E+0
1.304E+0
1.281E+0
1.281E+0
1.281E+0
1.281E+0
1.257E+0
1.257E+0
1.257E+0
1.234E+0
1.234E+0
1.210E+0
1.210E+0
1.187E+0
1.187E+0
1.187E+0
1.163E+0
1.163E+0
1.139E+0
1.139E+0
1.139E+0
1.116E+0
1.116E+0
1.092E+0
1.092E+0
1.092E+0
1.069E+0
1.069E+0
1.045E+0
1.045E+0
1.022E+0
1.022E+0
9.982E-1
9.982E-1
9.747E-1
9.747E-1
9.511E-1
9.511E-1
9.511E-1
9.511E-1
9.511E-1
9.276E-1
9.276E-1
9.276E-1
9.041E-1
8.805E-1
8.805E-1
8.570E-1
8.570E-1
8.334E-1
8.334E-1
8.099E-1
8.099E-1
7.863E-1
7.863E-1
7.863E-1
7.628E-1
7.628E-1
7.628E-1
7.393E-1
7.157E-1
7.157E-1
6.922E-1
6.922E-1
6.686E-1
6.686E-1
6.451E-1
6.451E-1
6.215E-1
6.215E-1
6.215E-1
5.980E-1
5.980E-1
5.745E-1
5.745E-1
5.509E-1
5.509E-1
5.274E-1
5.274E-1
5.038E-1
5.038E-1
4.803E-1
4.803E-1
4.568E-1
4.568E-1
4.332E-1
4.332E-1
4.097E-1
4.097E-1
3.861E-1
3.861E-1
3.626E-1
3.626E-1
3.390E-1
3.390E-1
3.390E-1
3.155E-1
3.155E-1
2.920E-1
2.920E-1
2.684E-1
2.449E-1
2.449E-1
2.213E-1
1.978E-1
1.978E-1
1.978E-1
1.742E-1
1.742E-1
1.507E-1
1.507E-1
1.272E-1
1.272E-1
1.036E-1
8.008E-2
8.008E-2
5.653E-2
5.653E-2
3.299E-2
3.299E-2
9.449E-3
9.449E-3
-1.409E-2
-1.409E-2
-3.764E-2
-3.764E-2
-6.118E-2
-6.118E-2
-8.472E-2
-8.472E-2
-1.083E-1
-1.083E-1
-1.318E-1
-1.318E-1
-1.553E-1
-1.553E-1
-1.789E-1
-1.789E-1
-2.024E-1
-2.024E-1
-2.024E-1
-2.260E-1
-2.260E-1
-2.260E-1
-2.495E-1
-2.495E-1
-2.731E-1
-2.966E-1
-2.966E-1
-3.201E-1
-3.437E-1
-3.437E-1
-3.672E-1
-3.672E-1
-3.908E-1
-3.908E-1
-3.908E-1
-4.143E-1
-4.143E-1
-4.143E-1
-4.143E-1
-4.379E-1
-4.614E-1
-4.614E-1
-4.849E-1
-5.085E-1
-5.085E-1
-5.320E-1
-5.320E-1
-5.556E-1
-5.556E-1
-5.791E-1
-5.791E-1
-6.026E-1
-6.026E-1
-6.262E-1
-6.262E-1
-6.497E-1
-6.497E-1
-6.733E-1
-6.733E-1
-6.968E-1
-6.968E-1
-7.204E-1
-7.204E-1
-7.204E-1
-7.204E-1
-7.204E-1
-7.439E-1
-7.439E-1
-7.439E-1
-7.674E-1
-7.910E-1
-7.910E-1
-8.145E-1
-8.381E-1
-8.381E-1
-8.616E-1
-8.616E-1
-8.852E-1
-8.852E-1
-9.087E-1
-9.087E-1
-9.322E-1
-9.322E-1
-9.322E-1
-9.558E-1
-9.558E-1
-9.558E-1
-9.793E-1
-9.793E-1
-1.003E+0
-1.003E+0
-1.026E+0
-1.026E+0
-1.026E+0
-1.050E+0
-1.050E+0
-1.073E+0
-1.073E+0
-1.073E+0
-1.097E+0
-1.097E+0
-1.121E+0
-1.121E+0
-1.121E+0
-1.144E+0
-1.144E+0
-1.168E+0
-1.168E+0
-1.168E+0
-1.191E+0
-1.191E+0
-1.215E+0
-1.215E+0
-1.215E+0
-1.238E+0
-1.238E+0
-1.262E+0
-1.262E+0
-1.262E+0
-1.285E+0
-1.285E+0
-1.309E+0
-1.309E+0
-1.309E+0
-1.332E+0
-1.332E+0
-1.332E+0
-1.356E+0
-1.356E+0
-1.380E+0
-1.380E+0
-1.403E+0
-1.403E+0
-1.403E+0
-1.427E+0
-1.427E+0
-1.450E+0
-1.450E+0
-1.450E+0
-1.450E+0
-1.474E+0
-1.474E+0
-1.474E+0
-1.474E+0
-1.497E+0
-1.497E+0
-1.497E+0
-1.521E+0
-1.521E+0
-1.521E+0
-1.544E+0
-1.544E+0
-1.544E+0
-1.544E+0
-1.544E+0
-1.544E+0
-1.568E+0
-1.568E+0
-1.568E+0
-1.591E+0
-1.591E+0
-1.591E+0
-1.615E+0
-1.615E+0
-1.615E+0
-1.639E+0
-1.639E+0
-1.639E+0
-1.639E+0
-1.639E+0
-1.662E+0
-1.662E+0
-1.662E+0
-1.662E+0
-1.662E+0
-1.686E+0
-1.686E+0
-1.686E+0
-1.686E+0
-1.686E+0
-1.709E+0
-1.709E+0
-1.709E+0
-1.709E+0
-1.709E+0
-1.733E+0
-1.733E+0
-1.733E+0
-1.733E+0
-1.733E+0
-1.756E+0
-1.756E+0
-1.756E+0
-1.756E+0
-1.756E+0
-1.780E+0
-1.780E+0
-1.780E+0
-1.780E+0
-1.780E+0
-1.803E+0
-1.803E+0
-1.803E+0
-1.803E+0
-1.803E+0
-1.827E+0
-1.827E+0
-1.827E+0
-1.827E+0
-1.827E+0
-1.827E+0
-1.827E+0
-1.827E+0
-1.827E+0
-1.827E+0
-1.850E+0
-1.850E+0
-1.850E+0
-1.850E+0
-1.850E+0
-1.850E+0
-1.850E+0
-1.850E+0
-1.850E+0
-1.850E+0
-1.850E+0
-1.850E+0
-1.850E+0
-1.850E+0
-1.850E+0
-1.874E+0
-1.874E+0
-1.874E+0
-1.874E+0
-1.874E+0
-1.874E+0
-1.874E+0
-1.874E+0
-1.874E+0
-1.874E+0
-1.897E+0
-1.897E+0
-1.897E+0
-1.897E+0
-1.897E+0
-1.897E+0
-1.897E+0
-1.897E+0
-1.897E+0
-1.897E+0
-1.874E+0
-1.874E+0
-1.874E+0
-1.874E+0
-1.874E+0
-1.874E+0
-1.874E+0
-1.874E+0
-1.874E+0
-1.874E+0
-1.897E+0
-1.897E+0
-1.897E+0
-1.897E+0
-1.897E+0
-1.874E+0
-1.874E+0
-1.874E+0
-1.874E+0
-1.874E+0
-1.874E+0
-1.874E+0
-1.874E+0
-1.874E+0
-1.874E+0
-1.850E+0
-1.850E+0
-1.850E+0
-1.850E+0
-1.850E+0
-1.850E+0
-1.850E+0
-1.850E+0
-1.850E+0
-1.850E+0
-1.850E+0
-1.850E+0
-1.850E+0
-1.850E+0
-1.850E+0
-1.827E+0
-1.827E+0
-1.827E+0
-1.827E+0
-1.827E+0
-1.827E+0
-1.827E+0
-1.827E+0
-1.827E+0
-1.827E+0
-1.827E+0
-1.803E+0
-1.803E+0
-1.780E+0
-1.780E+0
-1.780E+0
-1.756E+0
-1.756E+0
-1.756E+0
-1.756E+0
-1.756E+0
-1.756E+0
-1.756E+0
-1.756E+0
-1.756E+0
-1.756E+0
-1.733E+0
-1.733E+0
-1.733E+0
-1.733E+0
-1.709E+0
-1.709E+0
-1.709E+0
-1.709E+0
-1.709E+0
-1.686E+0
-1.686E+0
-1.686E+0
-1.686E+0
-1.686E+0
-1.662E+0
-1.662E+0
-1.662E+0
-1.639E+0
-1.639E+0
-1.639E+0
-1.615E+0
-1.615E+0
-1.615E+0
-1.615E+0
-1.591E+0
-1.591E+0
-1.591E+0
-1.568E+0
-1.568E+0
-1.568E+0
-1.544E+0
-1.544E+0
-1.544E+0
-1.544E+0
-1.521E+0
-1.521E+0
-1.521E+0
-1.497E+0
-1.497E+0
-1.497E+0
-1.474E+0
-1.474E+0
-1.474E+0
-1.474E+0
-1.450E+0
-1.450E+0
-1.450E+0
-1.427E+0
-1.427E+0
-1.427E+0
-1.403E+0
-1.403E+0
-1.403E+0
-1.403E+0
-1.380E+0
-1.380E+0
-1.380E+0
-1.380E+0
-1.356E+0
-1.356E+0
-1.332E+0
-1.332E+0
-1.332E+0
-1.309E+0
-1.309E+0
-1.285E+0
-1.285E+0
-1.262E+0
-1.262E+0
-1.262E+0
-1.238E+0
-1.238E+0
-1.238E+0
-1.215E+0
-1.215E+0
-1.191E+0
-1.191E+0
-1.191E+0
-1.168E+0
-1.168E+0
-1.144E+0
-1.144E+0
-1.144E+0
-1.121E+0
-1.121E+0
-1.097E+0
-1.097E+0
-1.073E+0
-1.073E+0
-1.073E+0
-1.050E+0
-1.050E+0
-1.050E+0
-1.026E+0
-1.026E+0
-1.003E+0
-1.003E+0
-9.793E-1
-9.793E-1
-9.558E-1
-9.558E-1
-9.322E-1
-9.322E-1
-9.087E-1
-9.087E-1
-8.852E-1
-8.852E-1
-8.616E-1
-8.616E-1
-8.616E-1
-8.381E-1
-8.381E-1
-8.381E-1
-8.381E-1
-8.381E-1
-8.145E-1
-8.145E-1
-7.910E-1
-7.674E-1
-7.674E-1
-7.439E-1
-7.204E-1
-7.204E-1
-6.968E-1
-6.968E-1
-6.733E-1
-6.733E-1
-6.497E-1
-6.497E-1
-6.262E-1
-6.262E-1
-6.026E-1
-6.026E-1
-5.791E-1
-5.791E-1
-5.556E-1
-5.556E-1
-5.320E-1
-5.320E-1
-5.085E-1
-5.085E-1
-4.849E-1
-4.849E-1
-4.849E-1
-4.614E-1
-4.614E-1
-4.614E-1
-4.379E-1
-4.379E-1
-4.143E-1
-4.143E-1
-3.908E-1
-3.908E-1
-3.672E-1
-3.672E-1
-3.437E-1
-3.437E-1
-3.437E-1
-3.201E-1
-3.201E-1
-2.966E-1
-2.966E-1
-2.731E-1
-2.731E-1
-2.495E-1
-2.495E-1
-2.260E-1
-2.024E-1
-2.024E-1
-1.789E-1
-1.553E-1
-1.553E-1
-1.318E-1
-1.318E-1
-1.318E-1
-1.083E-1
-1.083E-1
-1.083E-1
-8.472E-2
-8.472E-2
-6.118E-2
-6.118E-2
-3.764E-2
-3.764E-2
-1.409E-2
-1.409E-2
9.449E-3
3.299E-2
3.299E-2
5.653E-2
5.653E-2
8.008E-2
8.008E-2
1.036E-1
1.036E-1
1.272E-1
1.272E-1
1.507E-1
1.507E-1
1.742E-1
1.742E-1
1.978E-1
1.978E-1
2.213E-1
2.213E-1
2.449E-1
2.449E-1
2.684E-1
2.684E-1
2.920E-1
2.920E-1
3.155E-1
3.390E-1
3.390E-1
3.626E-1
3.626E-1
3.861E-1
4.097E-1
4.097E-1
4.097E-1
4.332E-1
4.332E-1
4.568E-1
4.568E-1
4.568E-1
4.803E-1
4.803E-1
4.803E-1
5.038E-1
5.038E-1
5.274E-1
5.274E-1
5.509E-1
5.509E-1
5.745E-1
5.745E-1
5.980E-1
6.215E-1
6.215E-1
6.215E-1
6.451E-1
6.451E-1
6.451E-1
6.686E-1
6.686E-1
6.922E-1
6.922E-1
7.157E-1
7.157E-1
7.393E-1
7.393E-1
7.628E-1
7.863E-1
7.863E-1
