5.000E-10
-5.000E-7
-1.681E-1
-1.681E-1
-1.681E-1
-1.681E-1
-1.681E-1
-1.681E-1
-1.681E-1
-1.681E-1
-1.681E-1
-1.681E-1
-1.681E-1
-1.681E-1
-1.681E-1
-1.681E-1
-1.681E-1
-1.681E-1
-1.681E-1
-1.681E-1
-1.681E-1
-1.681E-1
-1.681E-1
-1.681E-1
-1.681E-1
-1.681E-1
-1.681E-1
-1.681E-1
-1.681E-1
-1.681E-1
-1.681E-1
-1.681E-1
-1.681E-1
-1.681E-1
-1.681E-1
-1.681E-1
-1.681E-1
-1.681E-1
-1.681E-1
-1.681E-1
-1.681E-1
-1.681E-1
-1.681E-1
-1.681E-1
-1.681E-1
-1.681E-1
-1.681E-1
-1.681E-1
-1.681E-1
-1.681E-1
-1.681E-1
-1.681E-1
-1.681E-1
-1.681E-1
-1.681E-1
-1.681E-1
-1.681E-1
-1.681E-1
-1.681E-1
-1.681E-1
-1.681E-1
-1.681E-1
-1.681E-1
-1.681E-1
-1.681E-1
-1.681E-1
-1.681E-1
-1.681E-1
-1.681E-1
-1.681E-1
-1.681E-1
-1.681E-1
-1.681E-1
-1.681E-1
-1.681E-1
-1.681E-1
-1.681E-1
-1.681E-1
-1.681E-1
-1.681E-1
-1.681E-1
-1.681E-1
-1.681E-1
-1.681E-1
-1.681E-1
-1.681E-1
-1.681E-1
-1.681E-1
-1.681E-1
-1.681E-1
-1.681E-1
-1.681E-1
-1.681E-1
-1.681E-1
-1.681E-1
-1.681E-1
-1.681E-1
-1.681E-1
-1.681E-1
-1.681E-1
-1.681E-1
-1.681E-1
-1.681E-1
-1.681E-1
-1.681E-1
-1.681E-1
-1.681E-1
-1.681E-1
-1.681E-1
-1.681E-1
-1.681E-1
-1.681E-1
-1.681E-1
-1.681E-1
-1.681E-1
-1.681E-1
-1.681E-1
-1.681E-1
-1.681E-1
-1.681E-1
-1.681E-1
-1.681E-1
-1.681E-1
-1.681E-1
-1.681E-1
-1.681E-1
-1.681E-1
-1.681E-1
-1.681E-1
-1.681E-1
-1.681E-1
-1.681E-1
-1.681E-1
-1.681E-1
-1.681E-1
-1.681E-1
-1.681E-1
-1.681E-1
-1.681E-1
-1.681E-1
-1.681E-1
-1.681E-1
-1.681E-1
-1.681E-1
-1.681E-1
-1.681E-1
-1.681E-1
-1.681E-1
-1.681E-1
-1.681E-1
-1.681E-1
-1.681E-1
-1.681E-1
-1.681E-1
-1.681E-1
-1.681E-1
-1.681E-1
-1.681E-1
-1.681E-1
-1.681E-1
-1.681E-1
-1.681E-1
-1.681E-1
-1.681E-1
-1.681E-1
-1.681E-1
-1.681E-1
-1.681E-1
-1.681E-1
-1.681E-1
-1.681E-1
-1.681E-1
-1.681E-1
-1.681E-1
-1.681E-1
-1.681E-1
-1.681E-1
-1.681E-1
-1.681E-1
-1.681E-1
-1.681E-1
-1.681E-1
-1.681E-1
-1.681E-1
-1.681E-1
-1.681E-1
-1.681E-1
-1.681E-1
-1.681E-1
-1.681E-1
-1.681E-1
-1.681E-1
-1.681E-1
-1.681E-1
-1.681E-1
-1.681E-1
-1.681E-1
-1.681E-1
-1.681E-1
-1.681E-1
-1.681E-1
-1.681E-1
-1.681E-1
-1.681E-1
-1.681E-1
-1.681E-1
-1.681E-1
-1.681E-1
-1.681E-1
-1.681E-1
-1.681E-1
-1.681E-1
-1.681E-1
-1.681E-1
-1.681E-1
-1.681E-1
-1.681E-1
-1.681E-1
-1.681E-1
-1.681E-1
-1.681E-1
-1.681E-1
-1.681E-1
-1.681E-1
-1.681E-1
-1.681E-1
-1.681E-1
-1.681E-1
-1.681E-1
-1.681E-1
-1.681E-1
-1.681E-1
-1.681E-1
-1.681E-1
-1.681E-1
-1.681E-1
-1.681E-1
-1.681E-1
-1.681E-1
-1.681E-1
-1.681E-1
-1.681E-1
-1.681E-1
-1.681E-1
-1.681E-1
-1.681E-1
-1.681E-1
-1.681E-1
-1.681E-1
-1.681E-1
-1.681E-1
-1.681E-1
-1.681E-1
-1.681E-1
-1.681E-1
-1.681E-1
-1.681E-1
-1.681E-1
-1.681E-1
-1.681E-1
-1.681E-1
-1.681E-1
-1.681E-1
-1.681E-1
-1.681E-1
-1.681E-1
-1.681E-1
-1.681E-1
-1.681E-1
-1.681E-1
-1.681E-1
-1.681E-1
-1.681E-1
-1.681E-1
-1.681E-1
-1.681E-1
-1.681E-1
-1.681E-1
-1.681E-1
-1.681E-1
-1.681E-1
-1.681E-1
-1.681E-1
-1.681E-1
-1.681E-1
-1.681E-1
-1.681E-1
-1.681E-1
-1.681E-1
-1.681E-1
-1.681E-1
-1.681E-1
-1.681E-1
-1.681E-1
-1.681E-1
-1.681E-1
-1.681E-1
-1.681E-1
-1.681E-1
-1.681E-1
-1.681E-1
-1.681E-1
-1.681E-1
-1.681E-1
-1.681E-1
-1.681E-1
-1.681E-1
-1.681E-1
-1.681E-1
-1.681E-1
-1.681E-1
-1.681E-1
-1.681E-1
-1.681E-1
-1.681E-1
-1.681E-1
-1.681E-1
-1.681E-1
-1.681E-1
-1.681E-1
-1.681E-1
-1.681E-1
-1.681E-1
-1.681E-1
-1.681E-1
-1.681E-1
-1.681E-1
-1.681E-1
-1.681E-1
-1.681E-1
-1.681E-1
-1.681E-1
-1.681E-1
-1.681E-1
-1.681E-1
-1.681E-1
-1.681E-1
-1.681E-1
-1.681E-1
-1.681E-1
-1.681E-1
-1.681E-1
-1.681E-1
-1.681E-1
-1.681E-1
-1.681E-1
-1.681E-1
-1.681E-1
-1.681E-1
-1.681E-1
-1.681E-1
-1.681E-1
-1.681E-1
-1.681E-1
-1.681E-1
-1.681E-1
-1.681E-1
-1.681E-1
-1.681E-1
-1.681E-1
-1.681E-1
-1.681E-1
-1.681E-1
-1.681E-1
-1.681E-1
-1.681E-1
-1.681E-1
-1.681E-1
-1.681E-1
-1.681E-1
-1.681E-1
-1.681E-1
-1.681E-1
-1.681E-1
-1.681E-1
-1.681E-1
-1.681E-1
-1.681E-1
-1.681E-1
-1.681E-1
-1.681E-1
-1.681E-1
-1.681E-1
-1.681E-1
-1.681E-1
-1.681E-1
-1.681E-1
-1.681E-1
-1.681E-1
-1.681E-1
-1.681E-1
-1.681E-1
-1.681E-1
-1.681E-1
-1.681E-1
-1.681E-1
-1.681E-1
-1.681E-1
-1.681E-1
-1.681E-1
-1.681E-1
-1.681E-1
-1.681E-1
-1.681E-1
-1.681E-1
-1.681E-1
-1.681E-1
-1.681E-1
-1.681E-1
-1.681E-1
-1.681E-1
-1.681E-1
-1.681E-1
-1.681E-1
-1.681E-1
-1.681E-1
-1.681E-1
-1.681E-1
-1.681E-1
-1.681E-1
-1.681E-1
-1.681E-1
-1.681E-1
-1.681E-1
-1.681E-1
-1.681E-1
-1.681E-1
-1.681E-1
-1.681E-1
-1.681E-1
-1.681E-1
-1.681E-1
-1.681E-1
-1.681E-1
-1.681E-1
-1.681E-1
-1.681E-1
-1.681E-1
-1.681E-1
-1.681E-1
-1.681E-1
-1.681E-1
-1.681E-1
-1.681E-1
-1.681E-1
-1.681E-1
-1.681E-1
-1.681E-1
-1.681E-1
-1.681E-1
-1.681E-1
-1.681E-1
-1.681E-1
-1.681E-1
-1.681E-1
-1.681E-1
-1.681E-1
-1.681E-1
-1.681E-1
-1.681E-1
-1.681E-1
-1.681E-1
-1.681E-1
-1.681E-1
-1.681E-1
-1.681E-1
-1.681E-1
-1.681E-1
-1.681E-1
-1.681E-1
-1.681E-1
-1.681E-1
-1.681E-1
-1.681E-1
-1.681E-1
-1.681E-1
-1.681E-1
-1.681E-1
-1.681E-1
-1.681E-1
-1.681E-1
-1.681E-1
-1.681E-1
-1.681E-1
-1.681E-1
-1.681E-1
-1.681E-1
-1.681E-1
-1.681E-1
-1.681E-1
-1.681E-1
-1.681E-1
-1.681E-1
-1.681E-1
-1.681E-1
-1.681E-1
-1.681E-1
-1.681E-1
-1.681E-1
-1.681E-1
-1.681E-1
-1.681E-1
-1.681E-1
-1.681E-1
-1.681E-1
-1.681E-1
-1.681E-1
-1.681E-1
-1.681E-1
-1.681E-1
-1.681E-1
-1.681E-1
-1.681E-1
-1.681E-1
-1.681E-1
-1.681E-1
-1.681E-1
-1.681E-1
-1.681E-1
-1.681E-1
-1.681E-1
-1.681E-1
-1.681E-1
-1.681E-1
-1.681E-1
-1.681E-1
-1.681E-1
-1.681E-1
-1.681E-1
-1.681E-1
-1.681E-1
-1.681E-1
-1.681E-1
-1.681E-1
-1.681E-1
-1.681E-1
-1.681E-1
-1.681E-1
-1.681E-1
-1.681E-1
-1.681E-1
-1.681E-1
-1.681E-1
-1.681E-1
-1.681E-1
-1.681E-1
-1.681E-1
-1.681E-1
-1.681E-1
-1.681E-1
-1.681E-1
-1.681E-1
-1.681E-1
-1.681E-1
-1.681E-1
-1.681E-1
-1.681E-1
-1.681E-1
-1.681E-1
-1.681E-1
-1.681E-1
-1.681E-1
-1.681E-1
-1.681E-1
-1.681E-1
-1.681E-1
-1.681E-1
-1.681E-1
-1.681E-1
-1.681E-1
-1.681E-1
-1.681E-1
-1.681E-1
-1.681E-1
-1.681E-1
-1.681E-1
-1.681E-1
-1.681E-1
-1.681E-1
-1.681E-1
-1.681E-1
-1.681E-1
-1.681E-1
-1.681E-1
-1.681E-1
-1.681E-1
-1.681E-1
-1.681E-1
-1.681E-1
-1.681E-1
-1.681E-1
-1.681E-1
-1.681E-1
-1.681E-1
-1.681E-1
-1.681E-1
-1.681E-1
-1.681E-1
-1.681E-1
-1.681E-1
-1.681E-1
-1.681E-1
-1.681E-1
-1.681E-1
-1.681E-1
-1.681E-1
-1.681E-1
-1.681E-1
-1.681E-1
-1.681E-1
-1.681E-1
-1.681E-1
-1.681E-1
-1.681E-1
-1.681E-1
-1.681E-1
-1.681E-1
-1.681E-1
-1.681E-1
-1.681E-1
-1.681E-1
-1.681E-1
-1.681E-1
-1.681E-1
-1.681E-1
-1.681E-1
-1.681E-1
-1.681E-1
-1.681E-1
-1.681E-1
-1.681E-1
-1.681E-1
-1.681E-1
-1.681E-1
-1.681E-1
-1.681E-1
-1.681E-1
-1.681E-1
-1.681E-1
-1.681E-1
-1.681E-1
-1.681E-1
-1.681E-1
-1.681E-1
-1.681E-1
-1.681E-1
-1.681E-1
-1.681E-1
-1.681E-1
-1.681E-1
-1.681E-1
-1.681E-1
-1.681E-1
-1.681E-1
-1.681E-1
-1.681E-1
-1.681E-1
-1.681E-1
-1.681E-1
-1.681E-1
-1.681E-1
-1.681E-1
-1.681E-1
-1.681E-1
-1.681E-1
-1.681E-1
-1.681E-1
-1.681E-1
-1.681E-1
-1.681E-1
-1.681E-1
-1.681E-1
-1.681E-1
-1.681E-1
-1.681E-1
-1.681E-1
-1.681E-1
-1.681E-1
-1.681E-1
-1.681E-1
-1.681E-1
-1.681E-1
-1.681E-1
-1.681E-1
-1.681E-1
-1.681E-1
-1.681E-1
-1.681E-1
-1.681E-1
-1.681E-1
-1.681E-1
-1.681E-1
-1.681E-1
-1.681E-1
-1.681E-1
-1.681E-1
-1.681E-1
-1.681E-1
-1.681E-1
-1.681E-1
-1.681E-1
-1.681E-1
-1.681E-1
-1.681E-1
-1.681E-1
-1.681E-1
-1.681E-1
-1.681E-1
-1.681E-1
-1.681E-1
-1.681E-1
-1.681E-1
-1.681E-1
-1.681E-1
-1.681E-1
-1.681E-1
-1.681E-1
-1.681E-1
-1.681E-1
-1.681E-1
-1.681E-1
-1.681E-1
-1.681E-1
-1.681E-1
-1.681E-1
-1.681E-1
-1.681E-1
-1.681E-1
-1.681E-1
-1.681E-1
-1.681E-1
-1.681E-1
-1.681E-1
-1.681E-1
-1.681E-1
-1.681E-1
-1.681E-1
-1.681E-1
-1.681E-1
-1.681E-1
-1.681E-1
-1.681E-1
-1.681E-1
-1.681E-1
-1.681E-1
-1.681E-1
-1.681E-1
-1.681E-1
-1.681E-1
-1.681E-1
-1.681E-1
-1.681E-1
-1.681E-1
-1.681E-1
-1.681E-1
-1.681E-1
-1.681E-1
-1.681E-1
-1.681E-1
-1.681E-1
-1.681E-1
-1.681E-1
-1.681E-1
-1.681E-1
-1.681E-1
-1.681E-1
-1.681E-1
-1.681E-1
-1.681E-1
-1.681E-1
-1.681E-1
-1.681E-1
-1.681E-1
-1.681E-1
-1.681E-1
-1.681E-1
-1.681E-1
-1.681E-1
-1.681E-1
-1.681E-1
-1.681E-1
-1.681E-1
-1.681E-1
-1.681E-1
-1.681E-1
-1.681E-1
-1.681E-1
-1.681E-1
-1.681E-1
-1.681E-1
-1.681E-1
-1.681E-1
-1.681E-1
-1.681E-1
-1.681E-1
-1.681E-1
-1.681E-1
-1.681E-1
-1.681E-1
-1.681E-1
-1.681E-1
-1.681E-1
-1.681E-1
-1.681E-1
-1.681E-1
-1.681E-1
-1.681E-1
-1.681E-1
-1.681E-1
-1.681E-1
-1.681E-1
-1.681E-1
-1.681E-1
-1.681E-1
-1.681E-1
-1.681E-1
-1.681E-1
-1.681E-1
-1.681E-1
-1.681E-1
-1.681E-1
-1.681E-1
-1.681E-1
-1.681E-1
-1.681E-1
-1.681E-1
-1.681E-1
-1.681E-1
-1.681E-1
-1.681E-1
-1.681E-1
-1.681E-1
-1.681E-1
-1.681E-1
-1.681E-1
-1.681E-1
-1.681E-1
-1.681E-1
-1.681E-1
-1.681E-1
-1.681E-1
-1.681E-1
-1.681E-1
-1.681E-1
-1.681E-1
-1.681E-1
-1.681E-1
-1.681E-1
-1.681E-1
-1.681E-1
-1.681E-1
-1.681E-1
-1.681E-1
-1.681E-1
-1.681E-1
-1.681E-1
-1.681E-1
-1.681E-1
-1.681E-1
-1.681E-1
-1.681E-1
-1.681E-1
-1.681E-1
-1.681E-1
-1.681E-1
-1.681E-1
-1.681E-1
-1.681E-1
-1.681E-1
-1.681E-1
-1.681E-1
-1.681E-1
-1.681E-1
-1.681E-1
-1.681E-1
-1.681E-1
-1.681E-1
-1.681E-1
-1.681E-1
-1.681E-1
-1.681E-1
-1.681E-1
-1.681E-1
-1.681E-1
-1.681E-1
-1.681E-1
-1.681E-1
-1.681E-1
-1.681E-1
-1.681E-1
-1.681E-1
-1.681E-1
-1.681E-1
-1.681E-1
-1.681E-1
-1.681E-1
-1.681E-1
-1.681E-1
-1.681E-1
-1.681E-1
-1.681E-1
-1.681E-1
-1.681E-1
-1.681E-1
-1.681E-1
-1.681E-1
-1.681E-1
-1.681E-1
-1.681E-1
-1.681E-1
-1.681E-1
-1.681E-1
-1.681E-1
-1.681E-1
-1.681E-1
-1.681E-1
-1.681E-1
-1.681E-1
-1.681E-1
-1.681E-1
-1.681E-1
-1.681E-1
-1.681E-1
-1.681E-1
-1.681E-1
-1.681E-1
-1.681E-1
-1.681E-1
-1.681E-1
-1.681E-1
-1.681E-1
-1.681E-1
-1.681E-1
-1.681E-1
-1.681E-1
-1.681E-1
-1.681E-1
-1.681E-1
-1.681E-1
-1.681E-1
-1.681E-1
-1.681E-1
-1.545E-1
-1.545E-1
-1.545E-1
-1.545E-1
-1.409E-1
-1.409E-1
-1.273E-1
-1.273E-1
-1.137E-1
-1.001E-1
-8.657E-2
-8.657E-2
-7.299E-2
-7.299E-2
-5.941E-2
-4.583E-2
-3.225E-2
-3.225E-2
-1.867E-2
-1.867E-2
-5.085E-3
8.495E-3
2.208E-2
2.208E-2
3.566E-2
3.566E-2
4.924E-2
6.282E-2
7.640E-2
7.640E-2
8.998E-2
1.036E-1
1.171E-1
1.171E-1
1.307E-1
1.443E-1
1.579E-1
1.715E-1
1.850E-1
1.850E-1
1.986E-1
2.122E-1
2.258E-1
2.258E-1
2.394E-1
2.529E-1
2.665E-1
2.665E-1
2.801E-1
2.937E-1
3.073E-1
3.073E-1
3.208E-1
3.344E-1
3.480E-1
3.480E-1
3.616E-1
3.752E-1
3.887E-1
4.023E-1
4.159E-1
4.159E-1
4.295E-1
4.431E-1
4.567E-1
4.702E-1
4.838E-1
4.974E-1
5.110E-1
5.110E-1
5.246E-1
5.246E-1
5.381E-1
5.517E-1
5.653E-1
5.653E-1
5.789E-1
5.789E-1
5.925E-1
6.060E-1
6.196E-1
6.196E-1
6.332E-1
6.468E-1
6.604E-1
6.604E-1
6.739E-1
6.875E-1
7.011E-1
7.011E-1
7.147E-1
7.147E-1
7.283E-1
7.418E-1
7.554E-1
7.554E-1
7.690E-1
7.690E-1
7.826E-1
7.826E-1
7.962E-1
7.962E-1
8.097E-1
8.097E-1
8.233E-1
8.233E-1
8.369E-1
8.369E-1
8.505E-1
8.505E-1
8.641E-1
8.641E-1
8.776E-1
8.912E-1
9.048E-1
9.048E-1
9.184E-1
9.184E-1
9.320E-1
9.320E-1
9.455E-1
9.591E-1
9.727E-1
9.727E-1
9.863E-1
9.863E-1
9.999E-1
9.999E-1
1.013E+0
1.013E+0
1.027E+0
1.027E+0
1.041E+0
1.041E+0
1.054E+0
1.054E+0
1.068E+0
1.068E+0
1.068E+0
1.068E+0
1.081E+0
1.081E+0
1.081E+0
1.081E+0
1.095E+0
1.095E+0
1.109E+0
1.109E+0
1.122E+0
1.122E+0
1.122E+0
1.122E+0
1.136E+0
1.136E+0
1.149E+0
1.149E+0
1.149E+0
1.149E+0
1.163E+0
1.163E+0
1.163E+0
1.163E+0
1.176E+0
1.176E+0
1.176E+0
1.176E+0
1.190E+0
1.190E+0
1.190E+0
1.190E+0
1.190E+0
1.190E+0
1.204E+0
1.204E+0
1.204E+0
1.204E+0
1.204E+0
1.204E+0
1.217E+0
1.217E+0
1.217E+0
1.217E+0
1.217E+0
1.217E+0
1.217E+0
1.217E+0
1.217E+0
1.217E+0
1.217E+0
1.217E+0
1.217E+0
1.217E+0
1.217E+0
1.217E+0
1.217E+0
1.217E+0
1.217E+0
1.217E+0
1.217E+0
1.217E+0
1.217E+0
1.217E+0
1.217E+0
1.217E+0
1.217E+0
1.217E+0
1.217E+0
1.217E+0
1.217E+0
1.217E+0
1.217E+0
1.217E+0
1.217E+0
1.217E+0
1.217E+0
1.217E+0
1.217E+0
1.217E+0
1.204E+0
1.204E+0
1.204E+0
1.204E+0
1.204E+0
1.204E+0
1.190E+0
1.190E+0
1.190E+0
1.190E+0
1.190E+0
1.190E+0
1.176E+0
1.176E+0
1.176E+0
1.176E+0
1.176E+0
1.176E+0
1.163E+0
1.163E+0
1.163E+0
1.163E+0
1.149E+0
1.149E+0
1.149E+0
1.149E+0
1.136E+0
1.136E+0
1.122E+0
1.122E+0
1.109E+0
1.109E+0
1.109E+0
1.109E+0
1.095E+0
1.095E+0
1.081E+0
1.081E+0
1.068E+0
1.068E+0
1.054E+0
1.054E+0
1.054E+0
1.054E+0
1.041E+0
1.041E+0
1.027E+0
1.027E+0
1.027E+0
1.027E+0
1.013E+0
1.013E+0
9.999E-1
9.999E-1
9.999E-1
9.999E-1
9.863E-1
9.863E-1
9.727E-1
9.727E-1
9.591E-1
9.455E-1
9.320E-1
9.320E-1
9.184E-1
9.184E-1
9.048E-1
8.912E-1
8.776E-1
8.776E-1
8.641E-1
8.641E-1
8.505E-1
8.505E-1
8.369E-1
8.369E-1
8.233E-1
8.233E-1
8.097E-1
8.097E-1
7.962E-1
7.962E-1
7.826E-1
7.826E-1
7.690E-1
7.554E-1
7.418E-1
7.418E-1
7.283E-1
7.283E-1
7.147E-1
7.011E-1
6.875E-1
6.875E-1
6.739E-1
6.739E-1
6.604E-1
6.468E-1
6.332E-1
6.332E-1
6.196E-1
6.196E-1
6.060E-1
6.060E-1
5.925E-1
5.789E-1
5.653E-1
5.653E-1
5.517E-1
5.381E-1
5.246E-1
5.246E-1
5.110E-1
4.974E-1
4.838E-1
4.838E-1
4.702E-1
4.567E-1
4.431E-1
4.295E-1
4.159E-1
4.159E-1
4.023E-1
3.887E-1
3.752E-1
3.752E-1
3.616E-1
3.480E-1
3.344E-1
3.344E-1
3.208E-1
3.073E-1
2.937E-1
2.937E-1
2.801E-1
2.665E-1
2.529E-1
2.529E-1
2.394E-1
2.258E-1
2.122E-1
1.986E-1
1.850E-1
1.850E-1
1.715E-1
1.579E-1
1.443E-1
1.307E-1
1.171E-1
1.036E-1
8.998E-2
8.998E-2
7.640E-2
6.282E-2
4.924E-2
4.924E-2
3.566E-2
2.208E-2
8.495E-3
-5.085E-3
-1.867E-2
-1.867E-2
-3.225E-2
-4.583E-2
-5.941E-2
-5.941E-2
-7.299E-2
-8.657E-2
-1.001E-1
-1.137E-1
-1.273E-1
-1.409E-1
-1.545E-1
-1.545E-1
-1.681E-1
-1.816E-1
-1.952E-1
-2.088E-1
-2.224E-1
-2.360E-1
-2.495E-1
-2.495E-1
-2.631E-1
-2.767E-1
-2.903E-1
-2.903E-1
-3.039E-1
-3.174E-1
-3.310E-1
-3.446E-1
-3.582E-1
-3.582E-1
-3.718E-1
-3.853E-1
-3.989E-1
-3.989E-1
-4.125E-1
-4.261E-1
-4.397E-1
-4.532E-1
-4.668E-1
-4.668E-1
-4.804E-1
-4.940E-1
-5.076E-1
-5.076E-1
-5.211E-1
-5.347E-1
-5.483E-1
-5.619E-1
-5.755E-1
-5.755E-1
-5.890E-1
-6.026E-1
-6.162E-1
-6.162E-1
-6.298E-1
-6.434E-1
-6.569E-1
-6.705E-1
-6.841E-1
-6.841E-1
-6.977E-1
-7.113E-1
-7.249E-1
-7.249E-1
-7.384E-1
-7.520E-1
-7.656E-1
-7.792E-1
-7.928E-1
-7.928E-1
-8.063E-1
-8.199E-1
-8.335E-1
-8.335E-1
-8.471E-1
-8.607E-1
-8.742E-1
-8.742E-1
-8.878E-1
-9.014E-1
-9.150E-1
-9.150E-1
-9.286E-1
-9.286E-1
-9.421E-1
-9.421E-1
-9.557E-1
-9.557E-1
-9.693E-1
-9.693E-1
-9.829E-1
-9.829E-1
-9.965E-1
-1.010E+0
-1.024E+0
-1.024E+0
-1.037E+0
-1.037E+0
-1.051E+0
-1.051E+0
-1.064E+0
-1.064E+0
-1.078E+0
-1.092E+0
-1.105E+0
-1.105E+0
-1.119E+0
-1.119E+0
-1.132E+0
-1.146E+0
-1.159E+0
-1.159E+0
-1.173E+0
-1.173E+0
-1.187E+0
-1.200E+0
-1.214E+0
-1.214E+0
-1.227E+0
-1.227E+0
-1.241E+0
-1.241E+0
-1.254E+0
-1.254E+0
-1.268E+0
-1.268E+0
-1.282E+0
-1.282E+0
-1.295E+0
-1.295E+0
-1.295E+0
-1.295E+0
-1.309E+0
-1.309E+0
-1.322E+0
-1.322E+0
-1.336E+0
-1.336E+0
-1.350E+0
-1.350E+0
-1.350E+0
-1.350E+0
-1.363E+0
-1.363E+0
-1.377E+0
-1.377E+0
-1.390E+0
-1.390E+0
-1.404E+0
-1.404E+0
-1.404E+0
-1.404E+0
-1.417E+0
-1.417E+0
-1.431E+0
-1.431E+0
-1.431E+0
-1.431E+0
-1.445E+0
-1.445E+0
-1.445E+0
-1.445E+0
-1.458E+0
-1.458E+0
-1.458E+0
-1.458E+0
-1.472E+0
-1.472E+0
-1.472E+0
-1.472E+0
-1.485E+0
-1.485E+0
-1.485E+0
-1.485E+0
-1.499E+0
-1.499E+0
-1.499E+0
-1.499E+0
-1.513E+0
-1.513E+0
-1.513E+0
-1.513E+0
-1.526E+0
-1.526E+0
-1.526E+0
-1.526E+0
-1.526E+0
-1.526E+0
-1.540E+0
-1.540E+0
-1.540E+0
-1.540E+0
-1.540E+0
-1.540E+0
-1.540E+0
-1.540E+0
-1.540E+0
-1.540E+0
-1.540E+0
-1.540E+0
-1.540E+0
-1.540E+0
-1.540E+0
-1.540E+0
-1.540E+0
-1.540E+0
-1.540E+0
-1.540E+0
-1.540E+0
-1.540E+0
-1.540E+0
-1.540E+0
-1.540E+0
-1.540E+0
-1.540E+0
-1.540E+0
-1.540E+0
-1.540E+0
-1.540E+0
-1.540E+0
-1.540E+0
-1.540E+0
-1.526E+0
-1.526E+0
-1.526E+0
-1.526E+0
-1.526E+0
-1.526E+0
-1.513E+0
-1.513E+0
-1.513E+0
-1.513E+0
-1.499E+0
-1.499E+0
-1.499E+0
-1.499E+0
-1.499E+0
-1.499E+0
-1.485E+0
-1.485E+0
-1.485E+0
-1.485E+0
-1.472E+0
-1.472E+0
-1.472E+0
-1.472E+0
-1.458E+0
-1.458E+0
-1.458E+0
-1.458E+0
-1.445E+0
-1.445E+0
-1.445E+0
-1.445E+0
-1.431E+0
-1.431E+0
-1.417E+0
-1.417E+0
-1.404E+0
-1.404E+0
-1.404E+0
-1.404E+0
-1.390E+0
-1.390E+0
-1.377E+0
-1.377E+0
-1.363E+0
-1.363E+0
-1.363E+0
-1.363E+0
-1.350E+0
-1.350E+0
-1.336E+0
-1.336E+0
-1.322E+0
-1.322E+0
-1.309E+0
-1.309E+0
-1.295E+0
-1.282E+0
-1.268E+0
-1.268E+0
-1.254E+0
-1.254E+0
-1.241E+0
-1.241E+0
-1.227E+0
-1.227E+0
-1.214E+0
-1.214E+0
-1.214E+0
-1.214E+0
-1.200E+0
-1.200E+0
-1.187E+0
-1.187E+0
-1.173E+0
-1.173E+0
-1.159E+0
-1.159E+0
-1.146E+0
-1.146E+0
-1.132E+0
-1.119E+0
-1.105E+0
-1.105E+0
-1.092E+0
-1.092E+0
-1.078E+0
-1.064E+0
-1.051E+0
-1.051E+0
-1.037E+0
-1.037E+0
-1.024E+0
-1.024E+0
-1.010E+0
-1.010E+0
-9.965E-1
-9.965E-1
-9.829E-1
-9.829E-1
-9.693E-1
-9.557E-1
-9.421E-1
-9.421E-1
-9.286E-1
-9.150E-1
-9.014E-1
-9.014E-1
-8.878E-1
-8.742E-1
-8.607E-1
-8.607E-1
-8.471E-1
-8.335E-1
-8.199E-1
-8.063E-1
-7.928E-1
-7.928E-1
-7.792E-1
-7.656E-1
-7.520E-1
-7.520E-1
-7.384E-1
-7.249E-1
-7.113E-1
-6.977E-1
-6.841E-1
-6.841E-1
-6.705E-1
-6.705E-1
-6.569E-1
-6.434E-1
-6.298E-1
-6.298E-1
-6.162E-1
-6.026E-1
-5.890E-1
-5.890E-1
-5.755E-1
-5.619E-1
-5.483E-1
-5.483E-1
-5.347E-1
-5.211E-1
-5.076E-1
-4.940E-1
-4.804E-1
-4.804E-1
-4.668E-1
-4.532E-1
-4.397E-1
-4.397E-1
-4.261E-1
-4.125E-1
-3.989E-1
-3.853E-1
-3.718E-1
-3.718E-1
-3.582E-1
-3.446E-1
-3.310E-1
-3.174E-1
-3.039E-1
-3.039E-1
-2.903E-1
-2.767E-1
-2.631E-1
-2.631E-1
-2.495E-1
-2.495E-1
-2.360E-1
-2.360E-1
-2.224E-1
-2.224E-1
-2.088E-1
-2.088E-1
-2.088E-1
-2.088E-1
-1.952E-1
-1.952E-1
-1.952E-1
-1.952E-1
-1.952E-1
-1.952E-1
-1.952E-1
-1.952E-1
-1.952E-1
-1.952E-1
-1.816E-1
-1.816E-1
-1.816E-1
-1.816E-1
-1.816E-1
-1.816E-1
-1.816E-1
-1.816E-1
-1.816E-1
-1.816E-1
-1.681E-1
-1.681E-1
-1.681E-1
-1.681E-1
-1.681E-1
-1.681E-1
-1.681E-1
-1.681E-1
-1.681E-1
-1.681E-1
-1.681E-1
-1.681E-1
-1.681E-1
-1.681E-1
-1.681E-1
-1.681E-1
-1.681E-1
-1.681E-1
-1.681E-1
-1.681E-1
-1.681E-1
-1.681E-1
-1.681E-1
-1.681E-1
-1.681E-1
-1.681E-1
-1.681E-1
-1.681E-1
-1.681E-1
-1.681E-1
-1.681E-1
-1.681E-1
-1.681E-1
-1.681E-1
-1.681E-1
-1.681E-1
-1.681E-1
-1.681E-1
-1.681E-1
-1.681E-1
-1.681E-1
-1.681E-1
-1.681E-1
-1.681E-1
-1.681E-1
-1.681E-1
-1.681E-1
-1.681E-1
-1.681E-1
-1.681E-1
-1.681E-1
-1.681E-1
-1.681E-1
-1.681E-1
-1.681E-1
-1.681E-1
-1.681E-1
-1.681E-1
-1.681E-1
-1.681E-1
-1.681E-1
-1.681E-1
-1.681E-1
-1.681E-1
-1.681E-1
-1.681E-1
-1.681E-1
-1.681E-1
-1.681E-1
-1.681E-1
-1.681E-1
-1.681E-1
-1.681E-1
-1.681E-1
-1.681E-1
-1.681E-1
-1.681E-1
-1.681E-1
-1.681E-1
-1.681E-1
-1.681E-1
-1.681E-1
-1.681E-1
-1.681E-1
-1.681E-1
-1.681E-1
-1.681E-1
-1.681E-1
-1.681E-1
-1.681E-1
-1.681E-1
-1.681E-1
-1.681E-1
-1.681E-1
-1.681E-1
-1.681E-1
-1.681E-1
-1.681E-1
-1.681E-1
-1.681E-1
-1.681E-1
-1.681E-1
-1.681E-1
-1.681E-1
-1.681E-1
-1.681E-1
-1.681E-1
-1.681E-1
-1.681E-1
-1.681E-1
-1.681E-1
-1.681E-1
-1.681E-1
-1.681E-1
-1.681E-1
-1.681E-1
-1.681E-1
-1.681E-1
-1.681E-1
-1.681E-1
-1.681E-1
-1.681E-1
-1.681E-1
-1.681E-1
-1.681E-1
-1.681E-1
-1.681E-1
-1.681E-1
-1.681E-1
-1.681E-1
-1.681E-1
-1.681E-1
-1.681E-1
-1.681E-1
-1.681E-1
-1.681E-1
-1.681E-1
-1.681E-1
-1.681E-1
-1.681E-1
-1.681E-1
-1.681E-1
-1.681E-1
-1.681E-1
-1.681E-1
-1.681E-1
-1.681E-1
-1.681E-1
-1.681E-1
-1.681E-1
-1.681E-1
-1.681E-1
-1.681E-1
-1.681E-1
-1.681E-1
-1.681E-1
-1.681E-1
-1.681E-1
-1.681E-1
-1.681E-1
-1.681E-1
-1.681E-1
-1.681E-1
-1.681E-1
-1.681E-1
-1.681E-1
-1.681E-1
-1.681E-1
-1.681E-1
-1.681E-1
-1.681E-1
-1.681E-1
-1.681E-1
-1.681E-1
-1.681E-1
-1.681E-1
-1.681E-1
-1.681E-1
-1.681E-1
-1.681E-1
-1.681E-1
-1.681E-1
-1.681E-1
-1.681E-1
-1.681E-1
-1.681E-1
-1.681E-1
-1.681E-1
-1.681E-1
-1.681E-1
-1.681E-1
-1.681E-1
-1.681E-1
-1.681E-1
-1.681E-1
-1.681E-1
-1.681E-1
-1.681E-1
-1.681E-1
-1.681E-1
-1.681E-1
-1.681E-1
-1.681E-1
-1.681E-1
-1.681E-1
-1.681E-1
-1.681E-1
-1.681E-1
-1.681E-1
-1.681E-1
-1.681E-1
-1.681E-1
-1.681E-1
-1.681E-1
-1.681E-1
-1.681E-1
-1.681E-1
-1.681E-1
-1.681E-1
-1.681E-1
-1.681E-1
-1.681E-1
-1.681E-1
-1.681E-1
-1.681E-1
-1.681E-1
-1.681E-1
-1.681E-1
-1.681E-1
-1.681E-1
-1.681E-1
-1.681E-1
-1.681E-1
-1.681E-1
-1.681E-1
-1.681E-1
-1.681E-1
-1.681E-1
-1.681E-1
-1.681E-1
-1.681E-1
-1.681E-1
-1.681E-1
-1.681E-1
-1.681E-1
-1.681E-1
-1.681E-1
-1.681E-1
-1.681E-1
-1.681E-1
-1.681E-1
